3 10
1 1
60
20
10 10 10 10 10 10 10 10 10 10 10 10 10 10 10 10 10 10 10 10 
50 21 6 44 27 26 5 33 20 17 
53 59 17 52 45 51 16 41 34 43 
17 16 28 5 48 45 23 46 53 20 
35 18 21 40 47 36 38 56 27 31 
8 40 32 7 25 33 27 1 4 41 
49 23 3 15 34 42 8 13 14 28 
29 9 32 53 7 30 12 3 43 15 
17 50 31 34 27 7 26 53 20 54 
53 48 22 13 18 39 20 32 30 35 
3 20 28 44 31 26 11 17 38 36 
12 41 39 21 4 27 20 8 32 26 
44 26 49 21 12 8 22 13 28 2 
58 55 7 27 18 46 9 11 41 28 
57 44 15 24 39 9 14 35 38 51 
8 5 38 40 32 11 46 9 37 13 
7 59 32 13 11 21 49 48 12 36 
57 46 5 52 6 8 47 56 34 26 
12 55 6 51 31 36 58 35 26 44 
46 24 15 22 26 52 55 29 28 12 
48 43 5 55 33 50 59 14 42 15 
