3 5
1 1
30
20
10 10 10 10 10 10 10 10 10 10 10 10 10 10 10 10 10 10 10 10 
4 9 15 10 7 12 11 25 1 8 
6 21 26 1 30 17 15 27 2 12 
12 27 9 29 25 13 4 30 11 7 
8 6 23 5 17 11 29 18 7 21 
11 5 25 8 12 29 27 28 14 3 
15 18 20 7 19 22 30 21 13 24 
28 19 5 17 4 3 12 21 9 27 
12 27 13 2 5 9 7 17 3 14 
20 13 18 21 22 26 19 27 23 3 
6 26 25 4 24 17 27 29 21 20 
15 17 6 11 30 19 24 10 8 3 
19 6 29 1 30 14 25 16 21 23 
20 3 24 14 27 12 10 23 6 29 
10 3 29 19 25 6 13 22 8 12 
5 3 24 12 28 13 20 2 10 1 
21 30 10 14 15 3 23 24 2 19 
17 6 7 29 27 12 14 28 30 22 
15 23 24 6 17 12 8 26 16 21 
11 21 18 24 19 6 20 8 5 16 
6 17 19 14 10 27 24 18 15 13 
