1 5
1 1
10
20
10 10 10 10 10 10 10 10 10 10 10 10 10 10 10 10 10 10 10 10 
9 8 10 1 4 6 3 5 2 7 
8 5 4 1 6 7 2 3 10 9 
7 5 1 6 3 4 10 8 2 9 
7 1 8 9 3 4 2 10 6 5 
5 1 6 4 7 10 2 8 3 9 
1 6 10 2 3 7 5 4 9 8 
8 10 4 9 7 3 2 5 1 6 
1 3 7 4 8 5 6 10 9 2 
10 6 2 4 8 5 3 1 9 7 
5 2 1 10 4 7 9 8 3 6 
6 1 5 4 10 8 9 2 3 7 
7 4 5 10 3 8 2 6 1 9 
6 3 9 8 5 7 4 10 1 2 
9 8 5 4 7 1 3 2 6 10 
5 6 2 8 4 1 10 3 9 7 
8 4 9 10 5 3 6 2 1 7 
10 8 3 7 5 1 9 4 2 6 
2 1 6 9 7 8 5 4 10 3 
9 7 1 3 10 2 4 6 8 5 
6 8 10 2 7 5 3 9 1 4 
