5 10
1 1
100
20
10 10 10 10 10 10 10 10 10 10 10 10 10 10 10 10 10 10 10 10 
31 23 5 7 9 26 16 54 4 18 
56 19 98 27 3 65 49 47 21 55 
20 66 7 11 3 10 92 13 46 6 
18 21 17 49 72 65 4 46 38 93 
10 13 30 62 27 14 51 21 24 34 
4 79 18 3 15 43 9 64 27 10 
40 3 27 71 8 49 21 17 33 32 
6 1 27 75 8 72 11 4 2 47 
47 30 55 60 58 24 29 21 5 8 
33 10 37 68 51 21 31 15 45 26 
44 52 13 65 7 1 35 29 12 41 
33 52 10 1 18 19 60 5 34 58 
18 5 41 9 98 29 12 56 66 6 
41 51 58 4 24 30 94 64 29 19 
6 8 54 10 38 3 30 11 55 46 
31 50 44 19 35 7 83 5 4 22 
10 92 22 7 43 38 64 16 78 55 
18 26 32 40 66 36 44 95 76 54 
46 2 32 47 28 30 40 6 29 69 
56 6 25 3 45 87 1 14 41 20 
