5 5
1 1
50
20
10 10 10 10 10 10 10 10 10 10 10 10 10 10 10 10 10 10 10 10 
41 21 16 6 9 25 5 20 7 42 
16 15 20 4 8 7 11 29 13 39 
9 26 13 10 49 6 20 1 31 36 
8 14 27 7 35 1 48 39 32 12 
21 18 7 15 37 9 3 43 5 41 
1 33 6 2 16 20 29 10 12 30 
7 11 10 9 4 15 13 12 2 28 
13 8 30 4 15 18 16 3 50 23 
11 31 25 15 48 10 8 17 12 19 
12 14 22 23 13 31 32 24 1 17 
13 10 35 12 30 14 32 7 46 5 
13 6 42 15 50 49 10 11 14 32 
4 8 25 1 6 12 44 13 5 29 
11 1 3 20 22 10 9 27 18 19 
15 14 39 22 33 26 19 23 12 25 
23 3 6 24 33 5 9 26 38 22 
22 28 46 40 9 3 8 24 5 12 
12 27 8 28 38 33 5 15 13 23 
14 13 4 12 26 10 22 17 35 27 
25 27 4 50 29 3 15 20 13 7 
