3 10
1 1
60
20
10 10 10 10 10 10 10 10 10 10 10 10 10 10 10 10 10 10 10 10 
36 2 39 55 11 3 34 56 10 37 
56 57 16 9 4 37 6 27 34 13 
45 40 4 35 8 57 13 46 22 25 
23 8 1 41 34 22 55 59 54 11 
43 18 19 31 9 21 7 39 55 45 
3 29 27 42 35 1 22 6 5 21 
49 60 4 57 56 59 27 23 5 16 
17 28 53 39 9 2 32 19 27 48 
15 24 33 26 58 47 39 4 17 59 
55 29 27 36 22 51 48 50 47 53 
33 30 47 12 1 41 42 38 56 15 
18 36 11 14 50 58 12 34 44 48 
42 39 5 26 56 51 7 21 48 15 
44 30 13 50 11 18 49 5 26 32 
36 39 13 21 56 44 9 34 24 49 
14 43 52 19 40 25 42 44 51 13 
11 53 33 1 6 30 19 35 24 5 
17 59 56 12 27 11 45 2 21 58 
43 48 25 32 44 34 16 12 3 20 
52 9 28 43 54 32 44 11 3 35 
