1 5
1 1
10
20
10 10 10 10 10 10 10 10 10 10 10 10 10 10 10 10 10 10 10 10 
5 10 6 3 2 1 4 8 9 7 
6 4 1 3 10 2 7 8 5 9 
1 4 6 3 8 5 7 2 10 9 
4 6 5 10 2 9 3 1 7 8 
5 10 9 3 2 6 8 1 4 7 
6 1 3 10 4 8 2 5 7 9 
4 8 2 3 10 6 1 5 9 7 
6 1 4 2 5 3 10 8 9 7 
6 2 3 1 5 10 7 4 8 9 
10 1 4 6 7 2 3 5 8 9 
6 4 2 7 3 5 1 8 10 9 
5 2 1 6 7 10 3 4 8 9 
4 6 2 3 9 7 8 1 10 5 
3 6 2 4 1 8 5 7 9 10 
4 2 1 3 9 5 6 8 10 7 
1 5 4 6 7 3 2 9 10 8 
2 4 7 8 1 5 10 6 3 9 
3 9 1 7 4 6 2 8 10 5 
5 4 6 3 10 1 2 9 7 8 
2 1 6 5 3 7 9 4 8 10 
