3 5
1 1
30
20
10 10 10 10 10 10 10 10 10 10 10 10 10 10 10 10 10 10 10 10 
5 4 1 6 15 3 27 19 21 10 
5 4 12 20 3 6 26 10 17 7 
5 7 2 16 30 26 22 1 10 8 
26 3 18 4 13 5 1 9 2 17 
7 4 10 17 9 6 3 12 15 8 
3 15 20 29 8 4 7 16 2 1 
15 8 10 1 5 6 28 18 17 4 
9 4 5 28 23 11 8 15 17 24 
1 25 3 11 2 7 4 22 20 26 
6 20 3 1 2 5 8 4 11 21 
17 9 20 8 26 29 16 3 6 19 
16 17 10 1 11 2 5 7 3 30 
8 14 6 10 7 17 5 29 19 1 
12 3 10 9 30 22 5 14 24 11 
1 6 10 8 14 11 3 7 13 4 
8 21 16 7 19 28 3 12 6 4 
7 10 8 1 2 9 14 4 26 24 
25 13 19 3 8 17 14 6 1 2 
1 28 12 11 5 13 7 18 4 22 
4 7 24 15 3 8 16 18 14 9 
