1 10
1 1
20
20
10 10 10 10 10 10 10 10 10 10 10 10 10 10 10 10 10 10 10 10 
12 9 8 6 19 2 11 1 4 10 
6 12 13 3 8 7 4 5 1 2 
6 14 8 4 11 5 19 13 9 1 
9 19 13 3 2 1 12 17 8 5 
15 8 10 3 7 13 1 12 6 4 
13 11 5 15 6 12 3 2 9 1 
7 10 1 6 11 4 12 5 8 9 
3 5 8 6 7 17 11 13 12 20 
1 2 4 6 13 8 5 7 3 11 
1 11 4 7 15 13 10 14 9 5 
3 2 5 7 9 20 11 12 1 8 
6 5 1 3 18 10 12 11 13 4 
2 11 10 9 5 4 8 6 18 19 
13 11 4 19 3 7 8 15 5 10 
7 20 6 12 17 5 2 11 13 10 
3 5 12 13 7 4 2 20 9 6 
2 5 11 15 16 4 6 12 10 8 
1 5 6 2 12 4 18 7 17 16 
3 12 5 2 1 9 11 14 4 10 
5 8 6 11 9 7 1 10 13 4 
