3 5
1 1
30
20
10 10 10 10 10 10 10 10 10 10 10 10 10 10 10 10 10 10 10 10 
6 5 27 14 2 3 18 12 11 10 
2 10 6 5 12 30 7 21 19 16 
1 17 3 14 9 5 13 7 2 23 
7 18 10 2 1 5 4 19 20 9 
28 6 18 2 25 1 7 21 4 17 
18 19 4 20 2 13 11 29 23 5 
10 1 7 12 14 17 16 2 8 30 
8 15 7 9 12 18 14 11 26 5 
4 20 6 14 15 11 10 5 24 2 
3 28 6 15 17 2 9 4 12 1 
10 19 3 7 14 6 11 8 2 15 
12 27 8 2 3 17 5 4 10 19 
14 18 7 8 17 16 3 27 6 13 
13 16 11 21 4 18 20 7 23 5 
2 4 6 14 13 7 27 3 20 8 
3 14 27 5 17 12 24 11 9 18 
3 15 29 17 5 6 4 7 16 11 
7 9 6 8 16 4 1 10 12 19 
13 1 15 4 3 18 8 17 5 22 
15 5 8 6 14 7 18 4 9 2 
