1 10
1 1
20
20
10 10 10 10 10 10 10 10 10 10 10 10 10 10 10 10 10 10 10 10 
8 9 12 18 17 2 13 5 20 14 
13 11 18 12 1 7 20 2 3 10 
5 16 8 12 13 10 17 11 20 1 
20 4 19 17 5 10 8 9 15 3 
1 20 18 19 2 13 9 12 15 16 
7 12 2 9 4 11 14 18 19 15 
5 4 7 19 6 8 12 13 18 9 
1 9 7 20 4 16 19 15 5 13 
6 2 17 18 9 19 12 8 10 1 
6 14 13 18 10 19 11 17 15 8 
4 9 8 15 3 7 16 10 14 17 
6 4 2 18 19 16 10 1 11 5 
4 13 12 6 17 5 9 10 18 16 
6 5 14 9 16 17 3 8 18 2 
14 18 2 15 17 13 4 8 6 1 
6 15 8 17 7 4 3 11 1 18 
4 20 15 12 16 5 6 8 7 10 
15 16 5 11 17 13 10 9 14 19 
17 3 9 13 4 10 8 19 16 6 
17 13 14 7 4 16 15 20 1 9 
