3 5
1 1
30
20
10 10 10 10 10 10 10 10 10 10 10 10 10 10 10 10 10 10 10 10 
2 9 10 18 12 19 8 27 25 1 
12 7 19 2 8 4 15 25 3 21 
11 23 16 2 17 6 28 10 7 13 
9 20 3 19 25 14 8 6 17 23 
19 29 21 11 2 4 6 25 1 3 
15 4 13 17 10 19 26 5 14 18 
10 13 22 2 7 6 29 20 19 11 
6 1 2 3 20 29 13 18 15 8 
3 14 20 5 22 25 17 10 9 1 
14 1 5 24 7 28 20 16 6 12 
5 16 26 17 12 3 9 8 15 1 
7 22 10 9 8 3 5 20 11 18 
4 15 7 10 18 1 24 6 8 12 
17 2 12 10 30 6 1 8 18 22 
2 16 9 10 1 23 4 8 15 19 
13 6 4 15 3 28 1 7 21 14 
20 19 16 1 30 15 8 17 7 13 
12 18 1 9 7 6 13 4 14 25 
2 23 17 10 5 8 6 15 27 1 
3 25 11 8 7 12 20 4 22 5 
