1 10
1 1
20
20
10 10 10 10 10 10 10 10 10 10 10 10 10 10 10 10 10 10 10 10 
1 18 10 2 19 8 15 17 12 16 
8 4 15 3 5 13 7 2 19 17 
18 10 12 16 20 17 15 13 8 19 
8 15 3 12 10 20 2 5 11 16 
3 14 9 17 12 11 6 4 7 8 
14 15 10 20 13 19 1 3 18 9 
2 13 17 1 20 15 11 10 12 16 
8 10 11 12 2 14 15 7 16 1 
2 3 1 13 16 8 15 19 9 11 
19 11 14 12 15 4 5 16 18 10 
8 9 17 3 18 11 7 13 1 10 
10 2 19 4 17 3 13 16 9 12 
8 3 6 17 15 2 18 16 14 11 
9 5 16 3 8 19 6 17 13 14 
6 7 9 11 16 19 4 10 13 2 
1 12 5 7 17 13 8 9 16 15 
4 9 2 13 8 5 19 3 15 16 
13 12 20 17 15 3 16 8 18 5 
8 17 4 7 5 19 15 20 13 11 
9 3 8 5 20 16 1 14 2 6 
