1 10
1 1
20
20
10 10 10 10 10 10 10 10 10 10 10 10 10 10 10 10 10 10 10 10 
8 15 14 9 19 7 10 3 18 20 
4 18 15 2 12 19 1 13 17 16 
19 1 11 12 4 13 18 5 16 7 
1 13 9 10 2 3 15 6 18 17 
13 6 19 3 4 7 16 14 2 15 
14 20 4 2 12 6 1 8 13 18 
13 5 12 20 14 17 4 8 18 7 
1 20 14 6 8 17 19 4 16 5 
1 17 16 6 4 9 15 8 14 5 
19 7 2 12 5 18 9 11 17 6 
18 1 17 5 7 2 14 3 19 11 
20 9 4 6 7 11 13 17 12 10 
19 12 2 10 5 17 18 20 4 14 
10 15 13 2 8 20 3 12 5 18 
16 15 14 8 9 7 12 11 1 13 
20 10 5 16 6 17 12 8 7 14 
19 4 12 1 17 5 6 13 7 9 
1 16 18 2 5 11 9 3 14 10 
8 19 13 1 9 12 11 4 18 14 
15 16 11 3 9 12 6 7 17 14 
