1 5
1 1
10
20
10 10 10 10 10 10 10 10 10 10 10 10 10 10 10 10 10 10 10 10 
8 3 2 10 1 7 5 9 6 4 
4 6 7 2 10 8 5 3 9 1 
5 6 7 4 1 3 8 2 10 9 
9 2 8 10 5 4 7 3 1 6 
9 8 2 7 10 5 1 6 3 4 
4 7 5 10 3 2 6 9 8 1 
3 9 6 10 2 8 4 5 1 7 
10 1 9 5 7 4 2 3 6 8 
7 5 2 4 9 1 10 8 6 3 
8 10 1 9 6 7 2 5 3 4 
10 8 2 9 6 4 7 3 5 1 
3 2 6 5 9 7 10 4 8 1 
8 3 5 4 1 7 2 10 6 9 
7 8 3 5 4 6 2 10 1 9 
6 3 4 8 7 5 2 9 10 1 
5 9 8 10 6 4 3 1 2 7 
4 8 3 7 10 9 5 2 6 1 
7 5 8 3 4 6 1 9 2 10 
2 9 5 8 3 10 1 4 7 6 
1 2 6 7 5 3 8 4 9 10 
