5 5
1 1
50
20
10 10 10 10 10 10 10 10 10 10 10 10 10 10 10 10 10 10 10 10 
32 47 34 16 26 23 33 41 15 4 
5 25 30 23 49 17 13 39 3 9 
41 25 33 31 44 45 39 21 16 19 
36 5 34 50 24 3 26 35 1 49 
23 35 18 19 32 34 31 5 12 7 
46 23 14 20 32 40 47 22 3 18 
27 37 44 24 7 2 32 33 3 35 
6 34 32 9 25 43 27 29 10 50 
44 42 47 13 17 10 36 2 46 49 
50 41 11 48 35 27 16 32 4 7 
42 33 41 2 36 26 45 40 38 5 
36 23 9 6 18 40 21 8 19 37 
45 49 26 4 10 47 22 15 20 24 
29 7 2 25 47 24 8 27 1 3 
36 11 33 26 49 35 48 19 2 9 
9 46 42 24 23 43 36 29 45 49 
10 37 47 43 8 28 48 41 29 9 
19 47 3 15 45 18 7 42 20 21 
24 33 38 42 37 32 5 8 25 46 
26 40 14 41 16 50 11 49 37 8 
