5 5
1 1
50
20
10 10 10 10 10 10 10 10 10 10 10 10 10 10 10 10 10 10 10 10 
17 47 10 12 45 8 22 25 18 43 
22 33 30 44 39 4 38 12 5 6 
12 35 33 10 4 23 20 19 47 29 
28 29 38 17 19 4 30 36 24 43 
36 11 22 45 44 12 20 30 25 34 
4 39 50 49 30 19 38 43 21 13 
31 39 25 24 5 46 41 17 2 38 
27 1 23 49 26 12 16 5 43 28 
43 14 6 13 9 22 49 42 20 41 
6 44 3 34 8 20 47 19 10 17 
49 7 13 45 11 42 37 17 48 44 
46 29 3 25 4 5 23 49 41 18 
25 6 7 31 18 14 20 17 22 40 
28 42 12 33 49 46 21 36 27 32 
8 16 24 28 15 7 30 1 19 50 
20 6 1 17 15 4 25 50 41 11 
31 13 49 46 33 8 5 2 7 23 
37 50 28 5 45 16 6 31 27 18 
19 8 6 14 24 43 33 17 21 26 
28 20 16 11 15 4 39 7 36 6 
