3 10
1 1
60
20
10 10 10 10 10 10 10 10 10 10 10 10 10 10 10 10 10 10 10 10 
39 25 10 23 6 7 27 3 8 32 
6 54 25 39 28 9 33 12 4 18 
34 38 50 17 32 10 8 2 11 3 
19 1 13 20 8 34 17 52 54 22 
35 10 22 33 13 17 7 32 45 14 
30 16 20 33 43 22 26 58 4 1 
1 9 28 2 12 3 22 17 36 18 
35 12 33 24 56 40 20 4 1 58 
24 7 6 36 55 35 15 9 17 13 
5 14 46 3 12 7 1 21 19 8 
41 18 4 20 7 28 9 27 10 3 
17 16 5 37 49 11 38 32 27 21 
25 50 31 16 17 32 9 41 36 5 
21 20 44 51 39 35 18 10 22 41 
38 4 23 46 3 41 33 14 26 30 
11 36 13 2 12 24 8 25 23 4 
15 21 48 17 24 37 13 20 3 49 
3 11 25 56 18 6 23 55 9 22 
31 33 50 11 17 39 29 15 34 9 
20 14 2 11 17 45 4 9 49 39 
