5 5
1 1
50
20
10 10 10 10 10 10 10 10 10 10 10 10 10 10 10 10 10 10 10 10 
29 1 13 10 6 4 23 11 34 32 
42 10 24 30 13 5 11 49 9 45 
4 24 14 2 13 10 33 8 3 16 
15 33 8 14 27 12 39 9 6 29 
8 2 4 33 11 7 24 39 3 30 
16 3 2 30 19 11 20 28 7 46 
6 9 18 10 3 36 33 1 8 24 
4 21 15 19 29 26 27 12 23 18 
32 2 25 8 33 20 3 26 14 9 
22 16 20 19 14 13 15 31 33 11 
11 23 7 10 28 27 35 36 9 29 
15 18 14 13 33 31 2 5 21 32 
13 11 3 32 26 7 17 30 5 19 
21 45 24 49 10 33 8 5 41 25 
32 28 25 29 11 23 14 37 4 15 
5 27 9 22 8 4 26 13 14 1 
27 15 31 33 7 25 14 5 21 19 
15 2 35 9 44 31 33 10 43 12 
29 13 11 20 35 9 24 4 6 33 
5 4 16 35 8 13 9 31 12 15 
