3 5
1 1
30
20
10 10 10 10 10 10 10 10 10 10 10 10 10 10 10 10 10 10 10 10 
10 28 5 14 13 16 18 2 15 11 
30 11 9 4 25 1 6 17 18 19 
7 27 6 13 26 1 10 8 14 12 
22 16 19 12 27 8 21 20 15 9 
7 6 28 26 24 12 13 15 5 21 
26 10 11 4 14 2 27 30 21 15 
15 16 19 27 13 8 12 22 10 28 
4 16 7 13 12 21 22 23 10 30 
14 11 8 21 12 9 3 17 24 27 
23 24 7 2 25 21 14 12 6 3 
29 26 2 3 10 5 22 8 28 14 
15 12 11 26 1 27 30 23 28 2 
6 8 11 24 4 30 19 28 22 3 
26 27 16 5 13 15 23 25 18 8 
22 1 26 29 6 27 17 15 19 30 
16 9 15 26 30 14 10 24 25 18 
17 18 5 30 8 4 15 16 2 23 
9 4 15 20 12 3 23 7 18 19 
2 4 18 26 21 10 25 28 19 30 
25 28 4 9 24 12 2 16 17 23 
