5 10
1 1
100
20
10 10 10 10 10 10 10 10 10 10 10 10 10 10 10 10 10 10 10 10 
34 13 43 6 96 63 12 8 77 75 
19 43 18 15 94 54 59 2 49 24 
57 28 10 91 70 5 16 39 8 99 
2 83 44 1 85 84 41 18 86 64 
90 28 88 12 5 47 67 91 2 26 
13 83 43 63 98 44 33 9 42 2 
62 19 36 81 9 21 100 89 59 67 
7 46 65 73 33 38 82 6 4 18 
32 49 24 6 43 59 64 11 28 35 
18 37 13 14 90 97 15 62 75 98 
57 24 86 84 100 44 42 39 36 28 
60 44 98 67 70 45 16 62 12 76 
64 25 77 31 1 40 50 4 96 29 
31 34 60 13 52 92 50 39 57 95 
26 9 62 22 29 55 8 41 84 35 
92 38 98 78 93 3 5 17 90 6 
100 85 24 7 59 98 81 12 77 88 
95 35 85 80 78 88 40 76 22 13 
17 63 56 24 39 43 25 8 81 36 
82 79 44 25 66 58 90 71 42 2 
