1 5
1 1
10
20
10 10 10 10 10 10 10 10 10 10 10 10 10 10 10 10 10 10 10 10 
1 5 3 2 4 10 6 7 8 9 
2 1 5 3 6 9 4 8 10 7 
3 5 10 4 1 6 2 8 9 7 
2 9 1 5 7 3 4 6 10 8 
4 2 1 5 7 3 8 10 6 9 
1 2 6 4 3 8 7 5 9 10 
4 7 10 3 2 1 5 8 6 9 
4 3 5 2 6 10 7 1 8 9 
1 10 4 3 6 2 5 7 9 8 
1 3 5 4 6 2 9 10 8 7 
1 7 3 2 10 5 6 4 8 9 
3 5 4 1 2 10 9 8 7 6 
6 3 1 4 2 9 7 5 10 8 
5 2 8 1 3 10 4 7 6 9 
5 6 1 9 10 3 2 4 8 7 
2 5 1 6 3 4 9 10 7 8 
5 6 3 2 7 10 8 1 4 9 
10 2 4 5 6 3 1 8 7 9 
1 2 6 3 7 5 4 9 8 10 
9 6 10 1 3 5 2 7 4 8 
