3 10
1 1
60
20
10 10 10 10 10 10 10 10 10 10 10 10 10 10 10 10 10 10 10 10 
8 34 25 26 17 19 16 14 9 38 
6 43 1 13 23 11 14 38 53 39 
32 41 30 2 56 16 17 14 9 5 
16 14 17 27 44 20 13 7 11 19 
39 28 21 47 10 12 3 36 14 52 
32 10 30 29 1 51 13 60 39 12 
12 10 16 59 19 33 30 9 26 17 
11 32 47 56 55 48 6 5 20 34 
9 41 56 20 37 17 7 50 26 14 
1 47 50 36 19 24 5 20 39 10 
14 16 12 13 20 5 18 40 19 26 
49 10 26 28 48 9 21 19 2 23 
15 36 10 12 46 3 29 8 16 31 
17 48 8 14 10 25 51 3 39 6 
18 39 50 35 3 13 7 49 37 6 
2 27 9 18 20 13 30 31 8 10 
19 53 23 58 35 40 2 3 34 12 
29 5 7 36 3 40 4 33 16 15 
36 3 43 6 14 52 40 29 31 20 
5 8 17 3 13 34 37 25 31 27 
