5 10
1 1
100
20
10 10 10 10 10 10 10 10 10 10 10 10 10 10 10 10 10 10 10 10 
26 29 60 83 90 13 42 72 61 15 
72 90 36 12 85 50 78 34 39 88 
17 33 72 14 53 99 100 98 70 87 
8 47 58 20 17 5 1 28 6 46 
40 93 59 23 42 75 29 12 11 45 
4 29 18 67 9 87 97 6 52 89 
69 46 53 99 47 89 77 19 20 82 
2 91 95 92 66 49 87 82 28 37 
97 52 99 87 8 12 50 74 58 79 
49 85 74 9 26 57 64 99 48 5 
73 44 87 20 1 79 84 3 35 21 
69 98 63 40 39 15 91 48 53 73 
69 38 17 8 42 99 81 37 50 73 
26 6 12 64 35 63 56 34 58 3 
28 79 16 61 73 31 64 88 87 20 
12 19 88 37 25 64 74 54 79 92 
89 37 83 84 16 24 96 5 75 63 
29 71 74 9 6 98 18 90 27 48 
76 82 99 36 11 87 80 94 21 9 
74 92 18 2 24 31 1 76 32 56 
