5 10
1 1
100
20
10 10 10 10 10 10 10 10 10 10 10 10 10 10 10 10 10 10 10 10 
12 2 61 30 65 53 23 17 10 3 
66 30 59 23 37 31 21 62 94 63 
18 94 59 35 13 99 6 8 56 41 
55 4 49 64 62 21 22 5 99 37 
73 8 17 30 13 18 36 7 3 24 
29 90 40 22 46 60 33 63 8 28 
7 51 55 41 19 23 21 3 50 30 
70 19 7 27 28 44 62 51 77 100 
80 21 3 56 24 32 4 42 53 17 
9 18 77 89 1 11 24 73 4 26 
16 25 3 72 96 27 24 2 95 73 
6 44 25 3 19 20 43 38 2 53 
82 50 15 51 19 23 35 32 64 7 
26 3 18 1 66 84 48 16 5 45 
85 83 28 80 20 15 5 40 59 7 
43 61 66 47 11 20 48 55 15 12 
82 33 21 11 7 29 58 62 26 39 
33 62 48 4 60 24 53 21 11 34 
14 2 63 8 13 26 7 28 32 70 
30 19 65 56 9 49 95 5 44 26 
