3 10
1 1
60
20
10 10 10 10 10 10 10 10 10 10 10 10 10 10 10 10 10 10 10 10 
7 24 32 34 36 9 57 20 35 10 
56 29 8 28 35 49 1 7 38 52 
21 54 39 23 50 26 55 59 45 18 
6 45 23 47 46 10 56 18 33 40 
37 40 6 31 26 7 29 19 12 9 
3 44 49 32 11 20 2 5 22 34 
25 26 41 50 22 18 45 9 35 53 
42 49 15 44 36 16 60 45 2 3 
54 30 26 7 35 18 10 4 29 3 
8 53 54 31 35 47 18 46 13 44 
57 34 23 24 49 37 54 60 36 13 
22 2 34 21 60 12 49 59 24 56 
54 23 33 55 51 53 47 20 45 3 
40 28 8 6 1 39 11 33 20 55 
46 1 26 17 55 54 36 59 43 6 
20 46 47 40 45 31 38 25 55 6 
2 4 60 27 32 5 54 50 12 19 
24 34 27 26 21 3 10 60 39 25 
8 39 10 48 6 47 26 17 30 14 
28 7 8 49 50 2 60 45 59 57 
