3 5
1 1
30
20
10 10 10 10 10 10 10 10 10 10 10 10 10 10 10 10 10 10 10 10 
27 22 20 1 7 16 24 26 18 5 
12 13 29 14 7 21 20 30 26 25 
18 8 28 22 29 3 17 30 21 23 
19 22 13 21 7 24 4 30 12 27 
30 9 1 2 27 11 17 13 29 12 
20 7 27 4 30 5 13 23 24 2 
20 17 25 23 5 13 3 19 14 9 
11 20 1 4 7 25 12 28 17 3 
7 12 16 8 25 30 2 19 4 3 
26 6 10 23 27 8 19 3 4 7 
1 4 9 7 29 20 27 15 13 11 
9 28 5 19 8 11 2 3 24 20 
24 21 18 20 14 25 27 12 26 9 
3 7 16 9 25 19 29 21 15 14 
12 26 28 4 25 9 2 6 29 15 
11 15 3 2 16 5 14 22 9 17 
13 27 6 9 5 17 23 8 22 10 
30 11 7 26 1 4 18 9 20 2 
2 17 16 6 24 19 15 12 26 9 
3 8 23 12 25 29 28 27 7 26 
