5 10
1 1
100
20
10 10 10 10 10 10 10 10 10 10 10 10 10 10 10 10 10 10 10 10 
98 20 6 50 26 29 92 72 89 61 
77 57 2 18 14 42 51 16 30 24 
12 90 29 7 65 86 15 20 17 11 
24 65 6 62 50 63 9 82 57 7 
16 19 30 73 79 38 48 47 17 28 
44 12 63 32 42 88 21 19 47 14 
17 65 6 47 30 14 9 24 28 29 
17 87 32 76 14 54 21 3 2 51 
22 74 45 1 28 11 15 23 4 42 
26 28 75 98 97 46 95 39 22 31 
49 66 33 31 65 30 22 5 36 45 
16 94 39 33 29 54 25 8 63 10 
24 55 60 42 4 27 15 1 41 10 
48 45 44 27 12 10 34 13 71 2 
14 51 6 3 76 31 10 26 28 90 
66 57 100 11 13 21 67 28 89 12 
19 22 36 18 87 21 73 23 75 38 
57 28 11 16 5 42 22 27 34 58 
15 2 28 38 5 74 21 40 10 44 
44 18 46 23 64 19 33 6 5 52 
