5 5
1 1
50
20
10 10 10 10 10 10 10 10 10 10 10 10 10 10 10 10 10 10 10 10 
18 45 16 14 41 2 1 17 10 29 
49 46 28 32 27 18 13 4 43 44 
22 35 13 16 25 10 12 2 46 17 
47 13 21 42 12 31 36 9 15 37 
18 48 8 27 32 40 10 43 35 17 
4 16 49 17 44 5 18 48 28 23 
6 33 37 41 2 9 49 36 44 25 
28 20 46 38 3 19 37 36 1 45 
3 40 21 24 6 20 32 47 34 17 
7 5 16 10 9 40 14 6 35 36 
9 29 18 24 44 5 4 27 34 6 
28 15 20 41 5 19 21 12 27 3 
32 44 34 11 35 37 16 23 33 13 
34 31 33 38 10 43 5 39 9 24 
43 18 44 40 30 42 39 37 7 50 
28 41 37 39 22 27 9 35 14 38 
28 15 27 20 48 9 33 24 5 22 
3 1 23 7 41 14 31 9 2 25 
20 17 26 45 13 7 35 31 36 37 
24 1 31 49 34 18 6 38 44 43 
