1 10
1 1
20
20
10 10 10 10 10 10 10 10 10 10 10 10 10 10 10 10 10 10 10 10 
7 19 9 1 12 4 3 5 13 6 
3 17 7 9 10 13 4 6 11 14 
6 2 4 7 11 3 18 5 12 16 
6 3 13 11 17 9 19 12 20 7 
2 7 6 11 3 4 15 8 1 9 
1 3 2 9 20 5 4 6 11 18 
3 11 10 2 12 18 9 5 1 16 
4 6 8 9 7 10 13 2 3 5 
1 4 13 5 12 8 18 6 10 11 
4 15 3 1 2 12 6 7 19 11 
2 6 7 1 12 5 4 3 19 8 
2 12 18 9 13 3 8 6 20 7 
5 9 10 1 3 13 11 12 2 14 
6 4 5 16 11 3 1 2 10 12 
2 13 9 10 4 14 3 15 20 6 
5 4 11 12 6 10 13 15 9 1 
16 6 4 5 3 8 19 15 11 2 
7 8 2 3 19 14 20 4 10 13 
10 2 13 6 20 5 7 15 19 12 
8 11 7 19 10 3 4 13 5 16 
