5 5
1 1
50
20
10 10 10 10 10 10 10 10 10 10 10 10 10 10 10 10 10 10 10 10 
43 11 26 27 6 29 21 3 16 7 
15 26 38 30 9 47 46 41 14 32 
3 21 19 6 30 18 29 12 34 1 
3 10 11 7 43 30 36 22 15 16 
2 41 27 16 14 3 4 7 34 18 
13 39 14 7 3 1 6 19 20 31 
9 8 32 28 13 18 17 31 16 46 
6 50 8 2 32 10 40 7 31 48 
12 6 34 9 10 40 11 31 19 2 
33 18 15 43 30 5 8 36 20 11 
19 24 29 11 23 8 13 6 10 37 
8 12 3 47 15 44 2 33 6 9 
22 2 35 3 11 32 9 17 18 31 
9 30 32 17 16 15 29 24 21 44 
21 23 14 1 7 20 8 18 12 19 
14 26 23 11 8 7 42 5 1 6 
30 3 7 25 21 40 26 29 8 10 
2 50 24 19 17 8 31 30 39 3 
6 2 22 28 15 20 23 8 25 14 
39 35 13 36 29 47 8 27 22 28 
