1 5
1 1
10
20
10 10 10 10 10 10 10 10 10 10 10 10 10 10 10 10 10 10 10 10 
6 1 3 9 2 4 8 10 5 7 
7 4 6 2 5 10 8 9 3 1 
9 3 4 2 10 8 5 6 7 1 
3 5 9 4 6 7 2 8 1 10 
5 7 9 4 1 6 10 8 2 3 
9 7 2 6 4 5 8 1 10 3 
4 7 9 2 3 8 1 10 5 6 
5 7 3 9 2 8 6 10 4 1 
7 8 2 3 1 6 9 10 4 5 
7 6 1 10 8 4 5 3 2 9 
3 9 1 7 2 5 6 8 10 4 
5 3 8 6 2 9 1 4 7 10 
7 3 4 2 5 6 1 10 8 9 
7 5 2 3 1 4 9 8 6 10 
1 9 2 7 5 6 8 10 3 4 
5 7 3 10 9 8 1 2 6 4 
6 9 1 4 8 5 7 2 3 10 
4 8 1 2 10 5 7 6 3 9 
9 3 6 7 10 2 1 8 5 4 
3 9 1 4 6 8 10 5 2 7 
