1 10
1 1
20
20
10 10 10 10 10 10 10 10 10 10 10 10 10 10 10 10 10 10 10 10 
3 2 17 4 10 8 6 12 7 1 
6 4 5 11 10 1 13 8 3 19 
5 17 4 1 13 19 6 11 9 7 
11 2 17 3 6 19 7 20 1 5 
3 2 1 10 15 6 12 13 19 5 
16 3 1 2 9 6 19 20 11 13 
8 2 13 1 9 6 5 7 12 4 
7 12 6 2 3 15 13 5 1 20 
13 5 1 4 12 6 2 9 18 3 
3 2 1 7 10 4 6 8 12 9 
7 4 13 3 17 19 10 2 5 8 
10 4 5 9 1 8 3 12 6 7 
4 12 1 7 14 13 10 2 11 15 
5 12 1 6 2 13 14 15 4 3 
4 3 18 17 5 7 13 1 6 9 
2 4 17 5 8 13 12 7 3 11 
12 1 7 3 5 20 2 13 6 9 
6 10 8 4 3 5 1 2 12 20 
1 4 2 11 8 6 14 3 5 9 
3 11 1 6 4 12 9 8 20 15 
