5 10
1 1
100
20
10 10 10 10 10 10 10 10 10 10 10 10 10 10 10 10 10 10 10 10 
100 6 25 49 12 65 96 67 9 68 
44 71 18 29 80 8 17 74 84 72 
22 60 1 34 99 79 28 10 27 58 
78 30 54 29 56 68 9 77 7 90 
15 49 27 30 3 14 80 93 26 76 
16 4 1 26 71 11 80 91 5 62 
58 21 54 16 94 98 34 81 64 62 
50 17 97 59 46 94 3 95 16 27 
78 14 30 23 18 74 38 68 96 22 
62 98 67 13 100 30 87 99 86 82 
84 99 62 97 36 41 64 83 16 50 
71 91 14 74 92 96 54 65 28 77 
53 45 1 69 12 75 41 57 100 94 
31 12 43 50 83 39 28 67 48 88 
82 30 14 23 59 84 17 52 3 81 
13 40 25 50 26 63 100 57 24 2 
78 15 41 25 47 30 36 85 68 44 
34 31 45 24 8 33 77 30 87 37 
92 27 64 72 82 90 68 25 11 59 
47 76 4 1 99 45 15 24 7 55 
