1 5
1 1
10
20
10 10 10 10 10 10 10 10 10 10 10 10 10 10 10 10 10 10 10 10 
4 2 6 5 3 1 7 10 8 9 
5 9 1 3 7 10 6 2 8 4 
5 2 4 7 1 3 10 9 8 6 
4 1 5 2 9 6 7 10 8 3 
4 6 9 1 5 3 2 8 10 7 
1 3 8 2 5 10 9 7 6 4 
2 4 1 3 10 6 9 5 8 7 
4 2 3 6 10 7 5 8 1 9 
2 1 10 6 8 5 3 9 4 7 
1 2 3 6 5 4 7 10 8 9 
8 5 4 1 6 2 3 10 9 7 
3 1 5 8 2 6 9 4 10 7 
3 1 9 4 6 2 5 8 7 10 
1 5 6 4 2 7 10 3 9 8 
5 6 4 3 1 2 9 7 8 10 
7 5 2 3 1 6 9 10 8 4 
6 3 2 1 5 4 8 9 7 10 
4 2 3 5 6 8 7 1 9 10 
5 1 10 8 4 2 3 7 6 9 
3 1 6 2 7 10 5 4 9 8 
