3 10
1 1
60
20
10 10 10 10 10 10 10 10 10 10 10 10 10 10 10 10 10 10 10 10 
35 24 45 51 10 11 15 7 18 26 
6 5 2 12 3 24 28 21 18 19 
26 8 17 42 11 1 13 21 40 55 
6 25 9 30 18 1 17 20 15 37 
19 53 20 4 8 17 6 35 1 2 
5 2 15 50 1 20 14 7 32 46 
6 7 24 29 16 15 8 57 14 40 
1 10 28 2 9 21 17 14 31 13 
17 30 3 8 14 13 25 23 20 19 
12 38 51 31 1 7 55 6 19 40 
20 17 3 8 15 10 36 11 5 31 
9 18 36 43 6 16 56 37 10 2 
11 21 13 58 3 4 12 53 41 55 
18 45 39 27 12 10 59 5 40 6 
13 16 50 21 37 27 1 15 5 35 
17 24 1 13 18 43 4 11 12 10 
13 46 39 27 36 15 16 6 19 59 
9 15 47 39 10 18 23 38 33 21 
37 59 9 6 5 17 2 29 40 43 
9 39 20 10 46 34 35 12 14 16 
