4 5
1 2 5
40
54
6 7 3 6 5 7 2 8 5 8 7 8 8 4 8 3 8 5 3 6 5 5 2 7 5 8 6 6 6 8 5 7 8 8 1 3 3 3 3 6 3 4 6 5 5 4 2 1 7 6 7 8 4 4
1 3 4 5 7 8 
2 3 6 7 8 24 35 
1 4 23 
1 3 4 5 15 30 
1 4 7 8 32 
2 4 6 7 14 17 29 
1 5 
2 3 4 5 8 10 15 28 
1 4 8 12 25 
1 2 3 4 6 7 17 20 
4 7 8 16 21 24 28 
2 3 4 5 6 7 11 25 
2 4 5 8 18 19 33 34 
2 3 7 8 
1 2 3 5 6 12 15 17 
2 4 7 
2 3 4 5 6 7 8 32 
1 2 3 8 11 
6 7 37 
2 4 8 14 22 28 
3 4 5 6 38 
1 2 4 5 21 
1 28 
1 3 4 5 7 17 25 
2 5 13 18 29 
1 2 4 5 6 7 20 23 
4 5 7 8 19 21 
1 2 4 22 25 38 
6 7 8 29 31 35 
1 2 3 4 5 6 7 8 
2 4 6 7 11 
1 2 3 4 5 6 35 
1 2 3 4 7 8 10 13 
1 4 6 7 8 19 23 32 
28 
2 6 29 
3 7 37 
1 2 30 
2 4 7 
1 2 3 6 7 38 
4 25 30 
6 7 22 26 
2 4 6 17 19 24 
1 3 5 6 19 
3 7 8 23 35 
1 6 8 18 
1 8 
7 
1 3 4 7 20 21 37 
1 2 4 5 6 30 
1 3 4 5 7 8 25
6 7 9 16 18 25 30 33
1 2 7 8
2 3 5 7
5 14
35 10
16 12
12 9
24 18
8 13
17 15
23 3
32 7
6 8
36 9
9 17
14 5
3 19
33 16
25 5
34 7
4 18
21 10
2 17
10 2
18 1
26 6
27 12
