4 5
1 2 5
40
54
7 7 7 7 7 8 8 5 4 4 7 2 3 8 3 8 8 5 1 7 3 4 7 7 8 7 4 7 6 7 8 5 8 6 6 5 8 2 2 3 8 4 6 8 7 5 5 3 8 8 7 6 7 8
1 3 4 5 6 7 8 
1 2 3 4 6 7 35 
2 3 5 6 7 8 29 
1 2 3 5 7 12 28 
1 3 5 6 7 8 32 
1 2 4 5 7 8 9 32 
1 2 3 4 5 6 7 8 
2 3 7 8 33 
1 5 8 24 
1 7 8 15 
1 2 3 4 18 24 26 
4 8 
4 8 21 
1 2 3 4 5 6 7 8 
6 30 36 
1 4 5 6 7 8 25 28 
1 3 4 5 7 8 20 27 
1 2 4 5 8 
28 
2 3 4 5 7 8 25 
18 25 35 
6 8 17 23 
1 4 6 7 8 30 33 
1 2 4 6 7 8 37 
1 2 3 5 7 8 12 28 
1 2 5 6 7 8 29 
3 6 8 36 
2 3 5 7 8 15 31 
2 4 6 22 26 37 
1 3 5 8 17 18 25 
1 2 3 5 6 7 8 12 
5 7 8 25 34 
1 5 6 7 8 9 11 21 
1 2 3 6 8 35 
2 3 5 6 8 27 
3 4 6 8 35 
1 2 4 5 7 8 21 25 
7 8 
6 8 
7 12 14 
1 2 3 4 6 7 8 18 
1 3 7 8 
2 4 6 14 15 29 
2 4 7 8 13 23 37 38 
1 4 5 6 7 8 38 
1 3 4 5 8 
6 8 17 32 36 
1 33 34 
1 2 3 7 11 13 14 16 
1 2 7 8 11 25 29 35 
2 3 4 5 7 12 35
2 4 14 22 32 36
1 3 6 7 8 11 38
2 6 7 23 26 32 34 37
5 4
16 13
20 2
12 10
24 13
17 19
1 11
19 11
23 17
22 17
6 1
11 20
36 8
9 9
3 19
29 14
7 20
25 10
34 3
13 9
15 6
21 18
2 6
27 1
10 4
38 5
26 12
4 18
