4 5
1 2 5
40
100
7 7 7 1 1 3 1 1 2 6 7 7 6 4 3 2 5 5 1 5 3 4 6 8 6 3 5 8 2 3 4 7 5 5 5 3 3 1 8 4 5 5 8 2 4 4 5 3 1 8 5 3 4 8 6 7 4 5 4 3 8 7 8 5 3 3 3 8 2 4 1 6 6 1 5 8 4 6 7 1 7 7 6 4 7 5 7 5 6 3 5 3 7 7 8 2 2 5 8 3 
5 6 7 21 25 29 37 
1 2 3 6 7 22 25 
2 3 4 5 6 8 30 
5 
2 
2 6 7 
5 
1 
2 5 
5 8 10 14 33 37 
1 3 5 6 7 8 12 
1 2 4 5 6 7 8 
2 3 5 7 20 21 
3 4 5 21 
1 6 8 
2 7 
1 3 25 30 35 
4 5 7 18 25 
2 
1 2 3 5 7 
4 7 19 
3 5 7 23 
1 5 6 7 8 11 
2 3 5 6 8 16 29 31 
6 7 8 15 31 33 
1 3 4 
2 3 6 7 9 
1 2 3 4 5 6 7 8 
23 26 
5 7 37 
2 3 7 34 
7 8 13 19 23 26 34 
2 3 4 5 8 
1 6 7 19 30 
3 5 19 24 38 
1 7 18 
6 14 21 
16 
2 3 4 5 6 7 8 12 
3 6 16 35 
2 6 7 18 31 
1 2 3 4 6 
1 3 4 8 14 23 25 27 
2 33 
3 5 8 16 
2 4 6 16 
3 4 5 7 25 
2 8 18 
5 
1 2 3 4 6 7 8 33 
2 3 22 23 26 
5 8 23 
4 6 8 19 
2 4 6 7 8 30 31 33 
1 2 5 8 20 25 
2 3 4 6 14 17 20 
1 2 7 26 
2 3 7 27 30 
1 6 8 23 
2 4 27 
3 4 5 7 8 11 23 25 
1 2 3 5 7 22 34 
2 3 4 5 6 7 20 21 
1 2 3 5 15 
5 10 36 
5 28 34 
2 3 7 
1 2 3 4 5 6 7 8 
2 37 
4 5 6 8 
25 
4 5 6 7 15 16 
1 6 23 25 30 36 
2 
2 5 7 8 10 
1 2 3 4 5 8 37 38 
3 4 5 35 
1 2 8 27 29 34 
2 5 6 8 13 27 35 
1 
2 4 5 6 7 17 18 
4 5 7 17 18 21 33 
2 5 6 8 28 29 
2 8 22 24 
1 6 7 20 21 36 37 
1 2 8 9 16 
1 2 3 4 19 23 28 
4 6 7 8 23 
2 3 4 5 6 8 
1 5 30 
1 5 13 27 36 
1 3 7 
1 2 3 4 6 7 34 
1 2 6 7 8 27 35 
1 2 4 5 6 7 14 29 
5 8 
2 3 
2 3 5 8 10 
1 2 4 5 6 7 8 11 
1 9 30 
35 9
12 3
30 12
28 8
8 13
17 1
37 10
24 15
32 13
6 15
11 16
36 2
9 7
3 6
29 9
7 7
33 17
4 19
21 17
27 4
18 10
26 16
38 18
10 20
