4 5
1 2 5
40
55
2 6 3 8 2 2 5 3 8 6 2 2 6 5 6 6 2 6 4 7 6 4 6 8 3 4 2 7 5 8 8 6 5 6 5 8 3 4 2 6 5 8 6 6 4 8 5 4 8 8 2 8 6 5 5
1 15 
4 5 6 13 14 36 
1 3 8 
1 2 3 4 6 7 8 18 
6 9 
7 23 
1 2 3 6 16 
1 15 26 
1 2 3 4 6 8 13 21 
2 4 5 6 8 15 
3 9 
17 19 
1 2 4 5 6 8 
1 3 5 15 29 
1 2 6 8 19 30 
1 5 6 7 14 24 
2 8 
1 2 3 4 6 11 
2 5 7 26 
1 2 4 8 10 32 35 
2 5 8 35 37 38 
3 4 8 30 
1 2 3 4 6 8 
1 2 3 4 5 6 8 28 
1 3 4 
5 6 33 36 
7 8 
1 3 5 6 7 8 27 
3 5 6 7 21 
1 2 3 4 5 7 8 35 
2 4 7 8 9 16 30 32 
1 6 7 8 17 24 
5 6 7 8 9 
1 2 4 16 31 33 
1 3 4 6 7 
1 2 3 4 5 7 11 13 
1 2 9 
1 2 4 7 
1 26 
1 3 4 5 8 9 
1 4 5 7 8 
2 3 4 5 6 9 15 35 
1 3 4 5 8 26 
1 4 5 9 10 35 
2 3 4 29 
1 2 3 4 5 7 8 13 
4 6 8 9 35 
1 2 3 23 
2 3 4 5 6 7 8 9 
1 2 3 5 6 8 18 19 
2 5 
1 2 3 5 6 8 23 37
1 2 4 5 12 27
2 3 5 7 18
2 5 6 8 18
35 2
20 5
12 6
24 11
28 16
30 20
37 3
19 20
32 2
22 14
6 5
36 19
31 15
14 9
3 16
7 12
33 18
34 17
13 15
15 13
2 12
27 7
38 8
26 13
