4 5
1 2 5
40
50
3 5 2 7 6 2 5 7 7 5 7 6 3 3 4 4 3 8 1 7 8 8 6 7 8 5 3 7 3 7 8 7 4 2 2 2 7 5 7 8 5 3 6 1 3 2 6 3 4 2 
1 13 31 
5 7 8 18 28 
6 34 
1 2 4 6 8 17 28 
1 2 4 6 7 8 
4 32 
1 2 3 16 37 
3 5 6 7 8 19 37 
1 4 5 6 7 8 19 
6 14 25 33 36 
3 4 5 7 8 9 27 
1 2 4 6 7 30 
1 8 12 
2 21 37 
1 3 15 18 
2 6 7 8 
1 8 33 
1 2 4 6 7 17 27 34 
20 
1 3 4 5 8 33 37 
1 3 4 5 7 8 12 17 
1 2 3 5 7 8 9 30 
1 2 3 5 6 8 
4 6 8 13 17 34 38 
1 3 6 7 8 16 22 28 
6 7 8 20 26 
2 7 35 
3 4 7 8 13 14 35 
3 8 24 
1 4 6 7 32 36 38 
2 3 4 5 7 8 29 31 
1 3 4 5 7 8 16 
3 4 8 38 
1 8 
5 7 
15 28 
1 3 4 6 8 18 35 
1 3 6 7 8 
1 2 6 7 8 13 32 
1 2 3 5 7 18 25 26 
2 3 5 16 25 
7 8 23 
1 5 7 8 18 33 
8 
7 32 33 
7 38 
3 7 27 32 33 36 
3 7 18 
1 4 6 21 
4 8 
5 7
35 14
12 11
30 1
28 8
24 17
17 15
37 2
23 10
19 13
1 15
22 17
6 10
11 12
36 13
9 3
31 4
14 9
3 1
29 20
33 2
4 6
2 5
10 3
38 12
26 6
18 16
27 20
