4 5
1 2 5
40
50
8 8 3 8 5 5 4 7 2 7 8 6 5 6 3 6 6 5 4 4 2 6 4 5 8 3 8 8 8 8 6 7 5 5 5 6 8 7 2 7 6 8 1 8 4 8 4 3 2 5 
1 2 3 4 5 6 7 8 
2 3 5 7 8 11 26 35 
5 8 11 
1 2 4 10 14 20 25 32 
1 4 6 7 34 
2 3 5 6 21 
4 7 8 20 
2 4 5 6 9 12 29 
5 6 
1 2 3 4 5 6 8 
2 3 4 8 24 31 33 34 
1 2 3 4 6 7 
1 3 6 8 30 
1 2 3 4 5 6 
5 6 7 
3 6 7 8 29 33 
1 2 3 6 7 19 
1 2 5 23 29 
3 6 7 25 
2 5 6 22 
3 4 
1 2 3 4 8 37 
3 9 27 32 
4 6 7 32 35 
1 2 3 4 7 8 17 25 
4 7 23 
1 2 3 4 5 6 7 8 
1 2 3 6 7 8 14 37 
1 3 5 6 7 8 20 34 
1 2 3 4 6 20 28 38 
1 2 3 5 6 8 
2 3 4 5 6 7 8 
1 3 4 5 8 
3 6 8 25 37 
1 4 18 25 37 
1 2 4 14 25 36 
2 4 6 7 8 11 14 22 
2 4 5 6 8 18 33 
6 8 
1 2 3 5 6 7 8 
1 3 5 6 7 8 
4 6 8 19 21 24 29 37 
4 
1 2 3 4 5 7 8 13 
2 7 8 38 
1 3 4 5 6 8 37 38 
1 3 4 5 
1 4 26 
4 5 
2 3 4 14 35 
5 5
16 3
20 16
35 18
30 6
28 15
24 16
8 17
17 20
1 19
19 5
32 10
36 7
31 14
14 1
3 9
29 13
7 10
25 4
34 12
13 6
15 9
21 2
2 8
10 12
18 11
26 7
27 14
