4 5
1 2 5
40
201
8 6 5 7 6 6 8 4 5 2 6 7 6 6 6 7 7 3 2 7 5 7 4 1 5 1 4 8 8 8 8 6 5 4 8 7 8 3 3 6 1 7 1 5 3 5 2 7 2 7 6 5 5 6 7 3 4 3 8 1 7 8 6 7 8 5 3 7 8 4 7 2 7 8 5 3 6 3 1 6 4 7 6 4 4 7 1 6 6 8 8 4 2 8 3 5 6 6 8 4 6 7 8 6 8 6 6 7 7 7 5 6 8 5 4 8 1 7 5 7 8 6 8 5 8 6 7 8 6 3 5 6 2 3 5 6 2 5 4 5 5 8 4 6 5 6 8 6 7 3 2 6 8 7 3 1 8 5 5 8 1 5 3 4 4 8 4 5 3 8 8 1 5 8 8 6 3 1 3 5 8 4 2 7 7 4 8 5 6 4 3 6 7 6 8 6 5 4 8 7 7
1 2 3 4 5 6 7 8 
2 4 5 7 8 16 
2 4 6 7 16 
1 2 4 5 6 8 19 
2 5 6 7 9 28 
4 6 8 11 17 36 
1 2 3 5 6 7 8 24 
1 2 3 5 
1 3 4 21 22 
26 34 
1 6 22 27 28 29 
1 2 3 6 8 16 22 
1 2 3 4 7 20 
1 2 3 4 6 13 
1 2 3 12 33 38 
1 4 5 6 22 26 27 
1 2 3 8 10 32 36 
3 28 36 
1 2 
2 3 5 12 17 31 35 
2 5 7 8 13 
1 2 3 7 8 33 39 
1 3 20 23 
2 
2 5 8 18 20 
22 
2 3 5 36 
1 2 4 6 7 8 21 23 
1 2 3 4 5 6 8 12 
1 3 4 5 6 7 10 22 
2 3 4 6 7 8 16 27 
1 2 4 6 8 22 
2 3 5 7 28 
1 2 4 13 
1 2 5 6 7 15 22 33 
1 2 6 7 9 10 22 
1 3 4 5 6 7 34 37 
1 8 21 
1 2 8 
3 4 6 8 18 34 
2 
4 7 8 17 21 38 39 
35 
1 2 3 5 7 
2 6 8 
2 10 22 26 33 
2 26 
2 6 15 17 18 31 37 
6 35 
1 2 4 6 8 18 29 
1 2 4 6 7 8 
1 2 3 17 37 
6 14 25 26 34 
1 2 4 6 7 30 
1 2 3 4 5 6 12 
2 22 38 
2 6 7 8 
1 8 34 
1 2 4 6 7 18 28 35 
21 
1 3 4 5 8 34 38 
1 2 3 5 7 8 9 30 
1 2 3 5 6 8 
4 6 8 14 17 35 39 
1 3 6 7 8 17 23 28 
6 7 8 21 27 
2 7 36 
3 4 7 8 13 14 36 
2 3 4 5 7 8 29 32 
1 2 3 29 
1 3 4 6 8 18 36 
2 3 
1 2 6 7 8 13 33 
1 2 3 5 7 18 25 26 
2 3 5 16 25 
7 8 23 
1 5 7 8 19 34 
5 23 34 
36 
3 7 28 33 34 37 
1 4 6 22 
1 2 4 5 6 7 8 
2 4 6 21 32 36 
2 3 4 7 
2 6 8 9 
2 4 5 6 7 8 22 
2 
2 4 5 6 7 23 
2 5 8 36 38 39 
2 4 5 8 15 18 28 38 
2 3 4 7 8 19 23 26 
2 4 5 26 
2 8 
2 3 4 5 6 8 20 25 
2 7 8 
1 2 6 7 36 
2 4 6 7 8 36 
1 2 3 6 7 12 
1 2 3 5 7 12 32 34 
1 3 22 25 
3 5 7 19 21 25 
1 2 4 6 7 23 32 
1 2 3 4 6 8 12 13 
2 7 8 11 24 36 
5 6 8 11 22 31 32 33 
1 2 5 7 15 29 
2 3 4 21 32 38 
1 5 6 7 22 26 29 
1 2 4 5 6 7 18 
1 2 7 15 17 34 38 
1 4 8 33 36 
1 5 7 8 12 22 
2 3 5 7 8 16 29 35 
1 2 3 6 8 
2 4 8 33 
1 2 3 4 5 6 8 13 
2 
1 2 4 7 8 10 20 
2 6 24 25 35 
2 3 4 5 8 12 14 
1 2 3 5 7 8 11 26 
1 2 12 13 20 29 
1 2 6 7 8 10 26 27 
1 4 5 19 23 
2 3 4 5 15 21 31 39 
1 2 3 5 7 8 
1 2 5 7 8 21 34 
2 3 4 6 7 8 25 31 
2 4 5 6 7 28 
2 4 5 
2 4 5 23 31 
1 2 3 5 6 31 
17 36 
1 2 3 
1 5 7 13 36 
1 2 3 4 7 8 
2 5 
2 3 5 8 21 
1 3 22 29 
1 2 6 7 8 
4 7 19 22 37 
1 3 4 15 22 24 27 28 
2 4 7 26 
2 4 5 6 16 17 
1 2 3 7 24 
2 4 5 6 8 35 
1 2 5 6 7 28 34 37 
1 4 5 6 25 36 
2 3 4 6 7 18 38 
6 16 23 
2 5 
4 10 13 22 29 33 
1 3 5 6 7 13 21 35 
1 2 3 5 6 7 8 
1 2 9 
22 
1 2 3 4 5 6 7 8 
2 5 7 9 37 
1 2 4 5 6 
2 3 4 5 7 8 27 34 
2 
1 2 4 5 25 
2 3 25 
2 7 25 38 
1 2 4 8 
2 4 8 14 20 21 22 30 
2 4 8 20 
1 2 3 7 8 
2 7 9 
1 2 3 5 6 7 8 25 
2 3 4 5 8 23 26 30 
35 
2 5 7 8 31 
1 3 4 5 6 8 21 30 
1 2 3 5 7 8 20 26 
1 2 4 5 6 7 
1 2 3 
2 
25 34 35 
2 3 22 28 32 
1 2 5 7 10 13 16 34 
1 2 3 8 
2 28 
1 2 3 4 6 7 25 
1 2 3 4 8 9 27 
1 2 7 18 
1 2 3 4 5 6 7 17 
1 2 22 34 37 
1 3 5 8 15 34 
2 8 18 20 
1 2 5 
1 2 5 7 8 26 
2 3 4 5 7 8 20 
2 5 6 7 19 29 
1 2 5 7 8 12 15 30 
1 2 4 6 8 15 
2 5 12 14 31 
5 6 8 21 
1 2 3 4 5 6 7 37 
1 2 3 7 8 26 34 
2 4 6 7 20 21 31
5 4
16 12
20 5
12 12
30 6
24 14
8 11
17 1
37 11
1 13
28 15
32 9
19 17
6 8
11 19
9 7
31 20
14 13
3 8
39 10
29 19
33 2
7 3
25 14
4 4
15 6
13 18
10 10
38 3
26 1
27 16
18 16
