4 5
1 2 5
40
52
7 6 7 6 4 5 4 8 8 8 5 3 4 8 7 6 5 4 8 7 8 3 5 7 5 5 6 2 1 5 4 8 2 3 5 2 7 1 5 7 2 7 6 7 7 5 7 6 1 3 7 4
1 3 4 5 6 7 32 
1 2 3 8 23 26 
1 2 3 4 6 7 31 
1 4 5 7 11 15 
1 3 19 23 
2 5 8 18 19 
2 3 5 36 
1 2 4 6 7 8 20 22 
1 2 3 4 5 6 8 12 
1 3 4 5 6 7 10 21 
3 6 7 27 28 
3 5 10 
4 5 8 15 
2 3 4 6 7 8 16 26 
3 5 7 8 26 30 32 
1 2 4 6 8 21 
2 3 5 7 28 
1 2 4 13 
1 2 5 6 7 15 22 32 
1 2 6 7 9 10 21 
1 3 4 5 6 7 33 36 
3 6 25 
1 4 7 15 24 
1 4 5 6 11 24 36 
4 7 16 25 27 
1 4 5 6 7 
3 4 6 8 18 33 
5 6 
34 
1 2 3 5 7 
5 7 11 12 
1 3 5 6 8 14 17 38 
5 7 
2 6 8 
1 4 5 7 30 
6 16 
3 4 5 6 7 8 32 
13 
5 7 8 18 28 
2 6 14 17 18 30 35 
6 34 
1 2 4 6 8 17 28 
1 2 4 6 7 8 
3 5 6 7 8 19 37 
1 4 5 6 7 8 19 
6 14 25 33 36 
3 4 5 7 8 9 27 
1 2 4 6 7 30 
5 
1 8 12 
1 2 3 4 5 6 12
1 3 15 18
35 5
16 8
20 15
24 11
28 19
8 3
17 20
37 20
1 5
32 7
22 19
11 17
36 6
9 15
3 10
7 16
4 13
21 2
2 7
27 6
18 3
26 9
10 14
38 18
