4 5
1 2 5
40
101
8 6 5 8 5 4 6 3 6 7 7 4 3 5 5 6 8 6 5 8 2 7 5 4 5 3 1 3 2 8 4 5 5 8 3 6 4 4 5 3 8 5 3 4 8 6 7 4 4 8 7 8 5 8 4 6 6 5 8 6 7 1 2 7 6 4 1 7 5 5 6 1 7 7 8 2 5 8 3 6 2 2 7 4 7 3 4 4 5 8 6 7 2 7 4 4 1 2 2 7 6
1 2 3 4 5 6 7 34 
4 5 16 17 26 38 
2 5 6 7 8 
1 2 7 8 14 19 33 34 
2 3 6 7 25 
2 4 23 33 
2 4 5 7 14 15 
2 6 7 
5 8 10 14 34 38 
1 3 5 6 7 8 13 
1 2 4 5 6 7 8 
3 4 5 22 
1 6 8 
1 3 26 30 36 
4 5 7 18 26 
1 5 6 7 8 12 
2 3 5 6 8 16 30 32 
6 7 8 15 31 33 
2 3 6 7 9 
1 2 3 4 5 6 7 8 
23 26 
7 8 13 19 24 27 35 
2 3 4 5 8 
4 6 7 29 
1 6 7 20 31 
6 14 21 
16 
4 6 8 
6 35 
2 3 4 5 6 7 8 12 
3 6 16 36 
2 6 7 19 32 
1 2 3 4 6 
1 3 4 8 14 24 26 28 
4 6 7 
3 6 8 13 17 37 
3 5 8 16 
2 4 6 16 
3 4 5 7 26 
2 8 19 
1 2 3 4 6 7 8 34 
2 3 22 23 26 
5 8 24 
4 6 8 19 
2 4 6 7 8 30 31 33 
1 2 5 8 20 25 
2 3 4 6 14 17 21 
1 2 7 26 
1 6 8 24 
3 4 5 7 8 11 24 26 
1 2 3 5 7 23 35 
2 3 4 5 6 7 20 22 
1 2 3 5 15 
1 2 3 4 5 6 7 8 
4 5 6 8 
4 5 6 7 16 39 
1 6 24 26 30 37 
2 5 7 8 10 
1 2 3 4 5 8 38 39 
1 2 8 27 29 35 
2 5 6 8 14 28 35 
8 
4 8 
2 4 5 6 7 17 18 
2 5 6 8 28 30 
2 8 23 25 
6 
1 6 7 20 21 37 38 
1 2 8 9 16 
4 6 7 8 23 
2 3 4 5 6 8 
8 
1 2 3 4 6 7 34 
1 2 6 7 8 27 36 
1 2 4 5 6 7 14 29 
5 8 
2 3 5 8 10 
1 2 4 5 6 7 8 12 
1 4 23 
1 2 3 4 8 22 
7 22 
7 22 
1 3 4 7 12 15 32 
2 7 15 39 
2 4 6 7 8 14 24 
1 7 8 
3 8 25 28 
4 8 32 33 
2 3 5 6 7 
1 4 5 6 7 8 20 21 
2 3 6 8 22 28 
3 4 6 7 8 26 38 
1 16 
3 5 8 11 17 24 29 
1 3 5 6 
5 6 7 28 
6 
6 8 
1 8 
1 3 5 6 8 10 18 
1 2 5 8 25 35
5 4
35 3
20 3
12 6
30 12
24 16
28 20
17 19
37 16
1 2
19 19
32 15
11 14
36 5
9 7
31 18
14 14
3 8
39 2
29 10
33 5
25 11
7 11
34 8
13 6
4 10
21 9
2 17
10 4
38 1
18 13
27 17
