4 5
1 2 5
40
100
2 5 3 3 7 6 4 4 3 8 1 7 6 2 3 6 2 2 7 4 7 2 5 8 1 4 2 3 5 3 5 4 2 4 7 8 5 1 2 2 7 6 8 3 3 7 5 4 5 8 6 5 4 7 8 6 1 2 7 7 5 1 3 7 2 5 5 6 6 5 4 3 8 2 2 6 2 3 7 6 3 6 5 5 4 4 3 3 7 4 2 6 6 4 2 3 5 7 3 4 
8 36 
1 4 5 7 8 
1 4 8 
6 23 35 
1 2 3 4 8 19 34 
1 2 5 8 25 34 
2 3 7 8 
4 26 27 35 
4 8 33 
2 3 5 6 7 14 28 37 
33 
1 2 4 5 6 7 34 
1 3 6 7 8 38 
2 8 
2 8 32 
2 3 4 7 9 38 
9 20 
1 8 
1 2 4 5 6 7 20 
1 6 14 30 
2 3 4 6 8 22 27 
7 8 
1 4 6 27 33 
2 5 6 7 8 9 12 15 
3 
2 3 7 21 
1 6 
1 8 29 
1 2 3 8 13 
2 6 7 
2 4 7 9 14 
3 6 18 21 
4 10 
3 5 13 24 
1 2 3 5 6 24 30 
3 4 5 6 8 15 28 35 
1 2 8 25 33 
3 
8 21 
6 32 
2 3 4 5 6 8 29 
4 5 7 8 13 15 
1 2 4 5 6 8 28 32 
2 5 6 
1 2 4 
1 2 3 5 6 8 9 
1 3 4 7 19 
1 6 8 31 
2 5 7 18 21 
1 2 3 5 6 8 9 19 
2 3 6 7 15 24 
1 6 7 9 29 
1 2 35 37 
3 6 7 8 14 21 33 
1 2 3 4 5 6 7 30 
1 5 7 8 19 31 
3 
1 4 
1 2 5 6 8 24 35 
2 3 6 8 16 21 23 
1 2 6 8 22 
4 
1 3 4 
4 5 8 11 15 33 38 
6 7 
5 6 8 19 33 
3 6 8 11 36 
1 2 5 8 12 25 
3 4 5 7 8 28 
1 2 6 7 8 
2 4 5 8 
1 4 20 
1 2 4 5 6 7 8 37 
8 38 
3 5 
2 4 5 6 7 8 
2 8 
2 5 6 
1 3 4 5 6 23 36 
1 5 6 32 33 38 
6 8 37 
1 4 5 6 7 8 
1 5 6 7 9 
3 4 7 15 31 
1 3 5 12 
1 4 8 26 
4 8 34 
2 4 9 
1 2 4 5 6 7 15 
5 6 12 13 
6 22 
5 8 16 20 27 38 
3 4 6 7 8 20 
1 4 5 22 
6 8 
2 4 5 
2 6 7 8 17 
1 2 3 5 7 12 20 
2 3 21 
3 6 7 28 
5 20
16 18
28 11
37 9
1 2
23 12
32 5
19 20
11 8
36 1
9 15
31 17
14 11
7 3
25 1
34 6
13 6
15 19
2 4
27 3
38 5
18 8
26 10
10 13
