4 5
1 2 5
40
56
5 4 8 5 4 8 8 2 8 6 5 5 4 5 4 6 8 4 7 3 5 8 5 7 4 5 6 7 5 8 2 2 8 7 2 5 7 3 4 5 4 3 1 5 8 5 5 8 6 6 6 7 7 8 6 5
5 6 8 11 18 
2 3 4 29 
1 2 3 4 5 7 8 13 
4 6 8 9 35 
1 2 3 23 
2 3 4 5 6 7 8 9 
1 2 3 5 6 8 18 19 
2 5 
1 2 3 5 6 8 23 37 
1 2 4 5 12 27 
2 3 5 7 18 
2 5 6 8 18 
3 5 6 18 
4 5 6 16 28 
3 6 14 26 
1 3 4 6 7 17 
1 4 7 11 21 29 33 38 
2 4 5 6 
2 3 4 5 7 8 17 
7 14 23 
1 2 4 33 35 
1 2 4 6 7 8 13 16 
1 4 5 6 7 
1 3 4 6 8 14 21 
4 6 25 35 
2 3 4 10 12 
1 2 3 5 7 10 
2 3 4 6 7 8 31 
1 8 16 31 36 
1 5 6 8 9 17 20 38 
6 7 
6 8 
1 3 4 6 7 21 29 37 
2 3 4 5 8 25 33 
3 6 
1 3 5 8 16 
1 2 7 8 13 21 38 
3 4 33 
8 15 16 22 
5 8 14 21 24 
2 3 5 8 
2 8 9 
6 
3 4 6 7 27 
2 3 4 5 6 8 21 34 
1 2 3 6 8 
2 7 14 16 37 
1 4 5 8 11 14 26 33 
1 2 3 4 6 7 
2 5 7 8 30 36 
1 6 14 16 25 29
2 3 4 13 18 23 37
2 5 7 26 32 35 37
1 4 5 6 8 21 26 34
1 2 3 5 6 7
3 5 6 8 33
5 20
35 14
20 3
24 9
28 8
8 7
17 6
37 12
1 1
19 6
32 4
22 15
23 15
11 16
36 16
3 19
29 11
7 19
25 9
34 1
13 13
15 5
4 14
21 18
27 5
18 4
38 12
26 17
