4 5
1 2 5
40
104
4 2 1 3 8 8 8 3 6 8 1 8 3 6 6 3 1 5 3 6 8 4 6 5 6 8 6 7 5 7 3 6 2 8 7 3 3 6 2 8 3 4 5 5 8 1 8 5 3 1 5 1 4 3 4 8 4 5 4 3 8 4 6 8 6 4 5 8 8 6 3 1 5 8 4 2 7 5 7 4 8 5 3 6 7 6 4 4 3 6 5 7 2 5 6 8 6 1 8 6 5 4 7 4
3 6 7 20 
2 34 
5 
5 8 30 
1 2 4 5 6 7 8 36 
1 2 3 4 5 6 7 8 
1 2 3 5 7 8 24 32 
3 6 7 
2 5 6 8 19 23 
1 2 5 6 9 13 23 27 
5 
1 2 4 5 6 7 8 30 
2 3 7 
2 5 6 17 22 29 
4 17 28 29 35 36 
2 7 29 
5 
3 4 14 17 39 
4 7 28 
1 3 4 6 7 30 
1 4 5 6 7 8 38 39 
2 4 7 26 
2 4 5 6 16 17 
1 2 3 7 24 
2 4 5 6 8 35 
1 2 5 6 7 28 34 37 
1 4 5 6 25 36 
2 3 4 6 7 18 38 
3 6 7 8 20 
1 4 13 17 25 27 32 
6 16 23 
3 7 8 20 25 27 
2 5 
1 3 5 6 7 13 21 35 
1 2 3 5 6 7 8 
1 2 9 
1 5 10 
1 4 6 7 15 17 
1 7 
1 2 3 4 5 6 7 8 
4 7 13 
3 6 7 28 
2 5 7 9 37 
1 2 4 5 6 
2 3 4 5 7 8 27 34 
2 
1 3 4 7 8 9 12 19 
1 2 4 5 25 
2 3 25 
5 
7 8 26 28 37 
7 
2 7 25 38 
3 6 7 
1 2 4 8 
2 4 8 14 20 21 22 30 
2 4 8 20 
1 2 3 7 8 
4 6 7 26 
2 7 9 
1 2 3 5 6 7 8 25 
1 3 5 7 
1 4 5 8 15 27 
2 3 4 5 8 23 26 30 
3 5 8 11 15 16 
3 4 7 20 
2 5 7 8 31 
1 3 4 5 6 8 21 30 
1 2 3 5 7 8 20 26 
1 2 4 5 6 7 
1 2 3 
2 
2 3 22 28 32 
1 2 5 7 10 13 16 34 
1 2 3 8 
2 28 
1 2 3 4 6 7 25 
3 6 8 11 31 
1 2 3 4 8 9 27 
1 2 7 18 
1 2 3 4 5 6 7 17 
1 2 22 34 37 
5 6 37 
1 4 7 20 31 37 
3 4 5 8 16 20 28 
1 3 5 8 15 34 
3 6 7 18 
2 8 18 20 
1 2 5 
1 2 5 7 8 26 
4 5 6 9 27 
2 3 4 5 7 8 20 
5 6 
1 3 5 6 8 
2 5 6 7 19 29 
1 2 5 7 8 12 15 30 
4 5 6 7 8 31 
5 
4 5 6 7 8 19 20 27 
1 2 4 6 8 15 
2 5 12 14 31
4 5 8 13
1 3 4 5 7 8 24
5 6 8 21
35 10
16 13
12 6
24 3
28 8
8 18
30 18
37 17
1 19
19 1
22 6
32 9
6 8
11 16
36 12
9 15
14 3
3 5
39 20
29 20
33 15
25 7
34 2
13 4
4 7
21 5
15 16
10 4
18 2
38 12
26 14
27 17
