4 5
1 2 5
40
52
8 8 6 6 4 6 8 3 5 8 8 8 8 8 5 3 5 2 7 8 6 6 2 8 5 7 8 3 8 3 3 6 3 6 5 4 2 7 6 7 8 4 6 7 5 7 5 7 8 8 1 2
3 4 5 6 8 11 14 36 
1 4 5 7 10 18 24 29 
1 2 3 5 8 17 
1 5 6 10 19 38 
2 6 15 19 
1 3 5 6 8 35 
3 4 5 8 19 27 28 31 
1 5 23 
1 4 8 12 26 
1 2 3 4 6 7 17 20 
2 3 4 5 6 7 11 25 
2 4 5 8 19 20 33 35 
1 2 3 5 6 13 15 17 
2 3 4 5 6 7 8 33 
1 2 3 8 11 
6 7 38 
1 2 4 5 21 
1 29 
1 3 4 5 7 17 26 
1 2 4 5 6 7 21 24 
4 5 7 8 19 22 
1 2 4 22 25 39 
2 33 
1 2 3 4 5 6 7 8 
2 4 6 7 11 
1 2 3 4 5 6 35 
1 2 3 4 7 8 10 13 
2 4 25 
1 4 6 7 8 19 23 33 
3 7 38 
1 2 31 
1 2 3 6 7 39 
4 25 31 
2 4 6 17 19 25 
1 3 5 6 19 
1 6 8 19 
1 8 
1 3 4 7 20 22 38 
1 2 4 5 6 31 
1 3 4 5 7 8 26 
6 7 9 16 19 26 31 34 
1 2 7 8 
1 2 6 10 24 31 
1 2 3 4 6 7 36 
1 3 4 5 6 
1 2 3 5 7 12 29 
1 2 4 7 23 
1 3 5 6 7 8 33 
1 2 4 5 7 8 9 33 
1 2 3 4 5 6 7 8 
1
7 22
5 8
16 3
35 5
20 17
12 18
24 14
28 11
8 5
17 15
37 16
23 14
30 19
32 2
6 12
36 20
31 4
9 18
14 12
3 2
39 17
29 7
7 7
34 3
13 9
15 8
21 13
2 10
27 4
10 6
18 6
26 13
4 19
