4 5
1 2 5
40
106
1 4 3 8 6 7 2 6 2 1 8 4 7 3 7 8 4 4 6 2 5 7 5 7 7 5 7 8 1 8 5 1 2 5 4 3 4 7 1 4 2 3 4 8 7 2 4 2 2 8 8 2 5 7 6 7 4 3 4 5 6 3 4 7 7 8 3 5 7 4 7 6 7 5 3 8 8 5 8 6 6 6 2 1 5 8 2 5 4 2 2 3 8 4 6 8 7 6 5 1 5 5 3 8 8 7
4 
1 2 5 7 
1 5 6 
2 3 5 6 8 12 29 31 
3 4 5 7 18 27 
2 3 4 6 7 8 14 
3 4 
1 6 7 23 27 34 
2 4 
8 
1 3 4 5 6 7 8 11 
4 23 24 31 
2 4 5 6 7 8 34 
1 3 30 
1 3 4 5 7 8 25 
6 7 9 16 18 25 30 33 
1 2 7 8 
2 3 5 7 
1 2 6 10 24 30 
2 4 
3 7 8 35 38 
1 2 3 4 6 7 35 
1 3 4 5 6 
2 3 5 6 7 8 29 
1 2 3 5 7 12 28 
1 2 4 7 22 
1 3 5 6 7 8 32 
1 2 4 5 7 8 9 32 
25 
1 2 3 4 5 6 7 8 
2 4 6 7 20 
1 
7 22 
2 3 7 8 33 
1 5 8 24 
3 5 7 
1 7 8 15 
1 2 3 4 18 24 26 
4 
2 4 6 7 
4 8 
4 8 21 
4 5 7 25 
1 2 3 4 5 6 7 8 
1 2 5 6 7 19 36 
2 6 
3 4 5 20 
1 2 
1 2 
1 4 5 6 7 8 25 28 
1 3 4 5 7 8 20 27 
4 38 
1 2 4 5 8 
1 2 4 5 7 13 23 
1 3 4 6 7 11 
2 3 4 5 7 8 25 
1 2 3 6 
4 6 27 
2 3 4 6 
1 5 6 7 13 
1 2 3 7 22 38 
18 25 35 
6 8 17 23 
1 4 6 7 8 30 33 
1 2 4 6 7 8 37 
1 2 3 5 7 8 12 28 
17 27 38 
1 2 3 6 7 
1 2 5 6 7 8 29 
3 6 8 36 
2 3 5 7 8 15 31 
2 4 6 22 26 37 
1 3 5 8 17 18 25 
1 2 4 7 36 
3 4 7 
1 2 3 4 5 6 15 20 
1 2 3 5 6 7 8 12 
5 7 8 25 34 
1 5 6 7 8 9 11 21 
1 2 3 6 8 35 
1 2 3 4 6 7 
2 3 5 6 8 27 
2 7 
2 
3 4 6 8 35 
1 2 4 5 7 8 21 25 
7 8 
3 5 6 7 9 
1 6 7 36 
4 21 
6 8 
7 12 14 
1 2 3 4 6 7 8 18 
1 3 7 8 
2 4 6 14 15 29 
2 4 7 8 13 23 37 38 
1 4 5 6 7 8 38 
1 2 3 4 6 7 
1 3 4 5 8 
2 
6 8 17 32 36
1 2 4 7 17
1 33 34
1 2 3 7 11 13 14 16
1 2 7 8 11 25 29 35
2 3 4 5 7 12 35
5 13
16 7
35 12
20 20
12 7
30 2
28 1
24 18
37 20
23 10
19 6
32 18
6 4
11 14
36 13
31 16
14 8
3 14
29 9
34 11
13 19
15 2
21 17
27 5
18 11
26 10
10 15
38 19
