4 5
1 2 5
40
101
7 4 1 2 1 6 5 3 3 7 3 3 4 6 2 3 6 3 2 5 3 7 5 1 3 4 8 8 4 6 5 3 7 3 6 6 6 4 8 4 5 7 5 3 6 6 3 6 5 3 3 6 8 3 7 2 7 2 4 7 5 7 5 6 5 2 4 8 8 8 3 4 8 7 6 5 4 4 8 7 8 5 7 5 3 5 3 6 2 1 7 2 5 2 4 8 2 3 5 5 2
2 3 6 7 9 12 34 
5 7 8 38 
8 
5 19 
8 
1 5 6 7 8 12 
2 7 8 19 32 
2 11 37 
4 8 17 
1 3 4 6 7 8 13 
5 6 7 
6 8 20 
1 4 7 20 
4 6 8 13 23 32 
5 33 
2 3 4 
1 2 3 6 8 22 
1 21 31 
2 8 
3 4 6 7 16 
8 20 31 
3 7 8 29 30 31 36 
2 3 8 23 33 
16 
3 4 9 
4 6 10 34 
1 2 3 4 6 7 8 35 
1 2 3 4 5 6 7 8 
1 4 11 18 
2 4 5 7 8 16 
2 4 6 7 16 
3 4 27 
1 2 4 5 6 8 19 
1 3 8 
2 5 6 7 9 27 
1 4 5 7 13 26 
4 6 8 11 17 35 
4 6 7 17 
1 2 3 5 6 7 8 23 
1 2 3 5 
1 3 4 21 38 
1 2 3 6 8 16 22 
1 3 4 6 37 
5 6 8 
1 2 3 4 7 19 
1 2 3 4 6 13 
4 8 28 
1 3 5 6 7 24 
1 4 5 8 14 
3 5 8 
14 30 31 
1 2 3 12 32 37 
1 3 4 5 6 14 16 28 
16 28 31 
1 4 5 6 21 25 26 
1 4 
1 2 3 8 10 31 35 
3 4 
1 4 5 25 
2 3 5 12 16 30 34 
2 5 7 8 13 
1 2 3 7 8 32 38 
4 5 6 7 8 
1 4 5 7 11 15 
2 5 8 18 19 
7 8 
2 3 5 36 
1 2 4 6 7 8 20 22 
1 2 3 4 5 6 8 12 
1 3 4 5 6 7 10 21 
3 5 10 
4 5 8 15 
2 3 4 6 7 8 16 26 
3 5 7 8 26 30 32 
1 2 4 6 8 21 
2 3 5 7 28 
1 2 4 13 
1 3 7 9 
1 2 5 6 7 15 22 32 
1 2 6 7 9 10 21 
1 3 4 5 6 7 33 36 
1 4 7 15 24 
1 4 5 6 11 24 36 
4 7 16 25 27 
1 8 21 
1 4 5 6 7 
1 2 8 
3 4 6 8 18 33 
5 6 
8 
4 7 8 17 20 21 38 
1 4 
1 2 3 5 7 
3 8 
5 7 11 12 
1 3 5 6 8 14 17 38 
5 7 
2 6 8 
1 4 5 7 30 
2 10 21 26 32 
6 16
35 1
20 16
12 12
30 2
28 15
17 11
23 15
19 13
22 8
32 17
6 10
1 18
11 13
36 20
14 20
3 7
29 19
7 3
33 3
25 9
34 5
15 2
21 19
2 17
10 6
38 6
27 7
18 11
