4 5
1 2 5
40
206
1 3 5 6 8 1 6 3 5 8 4 8 7 1 8 4 4 8 8 5 7 5 4 1 6 6 7 5 6 8 1 8 2 6 7 4 2 1 6 5 1 1 8 2 2 8 8 2 8 5 8 6 4 4 7 2 8 6 5 6 1 7 8 3 3 8 4 2 6 3 7 5 7 6 3 5 4 8 4 8 6 2 6 7 4 2 2 8 4 4 4 7 2 3 7 7 6 4 5 2 6 2 1 6 7 5 1 4 5 6 7 5 5 6 3 7 3 5 7 5 6 4 7 7 4 4 7 8 6 7 5 6 2 2 8 3 4 7 1 8 5 5 6 7 6 7 5 8 6 7 8 6 2 8 5 5 2 6 4 7 6 5 4 3 5 5 6 8 4 7 6 6 6 6 5 1 6 4 6 5 6 6 7 7 1 6 6 7 4 8 6 5 8 6 6 5 3 5 8 4 5 8 8 8 6 8
10 
5 7 30 
3 5 6 8 34 
2 6 7 8 11 34 
1 2 3 5 6 8 14 18 
30 
1 3 5 7 8 11 
2 9 19 
2 3 5 7 19 
1 2 3 4 5 6 7 8 
2 3 17 32 
1 3 5 6 7 8 13 30 
3 4 5 8 16 17 36 
8 
1 3 6 8 22 25 31 34 
3 4 8 15 
3 4 6 19 
2 3 4 5 6 8 16 32 
1 2 3 5 7 8 20 32 
5 6 8 20 25 
2 5 6 7 8 28 33 
1 2 8 17 33 
1 4 7 8 
26 
1 2 3 8 30 37 
1 2 5 7 8 30 
1 2 4 5 6 7 8 
1 4 6 7 25 
3 4 8 15 19 27 
1 2 3 4 7 8 19 32 
8 
1 2 3 4 5 8 17 27 
8 32 
1 4 5 7 14 28 
1 2 3 6 7 8 13 
4 5 8 19 
5 19 
8 
1 3 4 7 25 34 
1 3 4 6 7 
6 
6 
1 2 3 5 7 8 26 38 
24 32 
8 30 
1 2 3 5 7 8 22 26 
1 3 6 7 17 19 34 36 
1 8 
1 3 5 7 8 15 17 21 
3 5 8 19 29 
1 2 3 5 6 8 23 25 
2 3 4 6 7 8 
2 14 17 28 
7 18 19 38 
2 3 5 7 8 9 25 
1 8 
1 2 4 5 6 7 8 20 
1 3 6 8 9 13 
2 3 4 6 7 
2 3 6 7 8 30 
8 
1 5 6 7 8 22 30 
1 2 4 6 7 10 21 34 
5 6 22 
6 7 29 
2 6 7 8 13 16 19 29 
3 6 7 8 
6 8 
2 3 4 7 8 31 
3 5 26 
2 3 4 5 6 8 37 
1 3 7 8 33 
1 2 3 4 5 6 32 
1 2 5 6 7 8 
3 5 8 
1 3 6 10 32 
2 3 5 8 
1 2 3 4 5 6 7 24 
4 7 8 36 
1 2 4 5 6 7 8 13 
4 6 7 8 21 32 
2 6 
2 6 7 18 19 25 
3 4 7 29 32 34 38 
2 5 29 31 
2 6 
8 37 
2 5 6 8 11 23 34 37 
6 7 8 38 
5 6 8 16 
1 2 4 6 
1 2 5 6 8 23 28 
3 8 
2 3 6 
1 4 5 6 7 8 38 
1 2 4 5 6 8 38 
1 2 5 6 7 21 
2 5 30 32 
3 5 8 9 30 
1 6 
2 4 5 6 7 18 
4 8 
6 
2 3 6 7 8 12 
1 4 6 7 14 16 21 
3 5 6 7 8 
8 
3 6 7 12 
1 2 3 7 8 
1 3 4 5 12 32 
3 4 8 15 19 24 34 
2 5 8 17 33 
2 3 8 26 38 
1 4 6 7 21 22 
8 14 17 
1 2 3 6 8 28 33 
1 8 18 
7 18 19 33 38 
2 3 4 8 12 17 22 
1 5 7 8 24 
1 7 8 9 10 14 
1 4 5 6 
3 6 7 16 28 33 35 
1 4 6 7 17 28 36 
4 7 8 22 
4 5 6 16 
1 2 4 5 6 30 37 
1 2 4 5 6 7 8 28 
1 3 4 6 7 24 
1 2 3 4 6 7 25 
1 4 6 8 37 
1 2 4 5 6 7 
8 17 
6 34 
1 2 5 6 7 8 15 35 
1 4 8 
1 3 31 32 
2 4 5 6 7 10 32 
8 
1 3 4 8 15 26 28 38 
1 4 7 8 25 
4 5 6 20 38 
1 4 5 6 18 22 
1 2 4 5 7 8 33 
1 3 5 6 7 9 
2 3 7 9 10 22 28 
2 3 6 8 20 
1 2 4 5 7 15 18 34 
3 5 8 9 11 22 
1 2 3 4 5 6 8 
1 3 5 6 7 8 22 24 
1 2 4 9 10 14 
22 32 
1 2 3 4 5 6 7 8 
2 3 6 8 36 
3 4 5 8 19 
4 8 
3 5 6 7 8 19 
1 6 10 29 
1 2 4 5 10 13 36 
2 4 5 6 7 30 
1 6 8 23 26 
4 8 12 31 
5 6 25 
4 5 6 7 29 
3 5 6 7 34 
6 7 8 10 14 18 
1 2 3 4 5 6 7 36 
1 4 6 7 
1 2 4 5 6 7 8 
1 4 7 14 15 20 
2 4 6 8 31 37 
4 6 7 20 27 35 
1 2 6 8 12 14 
4 5 6 8 29 
26 
2 3 4 7 8 38 
1 5 6 18 
1 2 4 5 6 7 
3 5 6 7 30 
1 4 6 16 31 37 
1 2 5 6 7 8 
1 2 4 5 6 7 8 
1 2 3 5 6 7 25 
8 
1 4 5 8 21 24 
1 3 8 16 17 31 
2 3 4 5 8 24 27 
3 6 7 26 
2 3 4 5 6 7 27 28 
2 3 5 8 25 36 
1 3 8 29 37 
1 2 3 4 5 6 7 8 
1 2 3 4 5 8 
1 2 5 6 8 17 
3 5 6 7 26 
1 5 6 
1 2 6 8 16 
1 2 4 6 7 8 15 37 
2 5 6 7 
2 5 7 8 10
6 7 9 13 16 24 27 38
1 3 5 6 12 25 29 37
1 2 3 4 5 6 8 31
1 4 5 6 9 25
5 6 7 10 14 17 27 32
5 11
35 2
20 13
16 18
12 1
24 15
28 7
17 19
37 10
23 4
1 6
22 6
11 17
36 12
9 12
3 2
29 13
7 10
33 16
25 20
4 3
13 5
21 14
15 15
27 16
18 1
38 4
2 19
