4 5
1 2 5
40
55
7 8 7 7 2 7 3 4 5 8 8 5 2 5 6 4 4 8 7 8 6 3 2 4 6 4 5 7 2 2 3 5 3 3 4 2 8 8 7 3 7 6 8 3 7 4 6 2 4 4 6 1 5 3 2
1 5 6 13 16 33 38 
1 2 5 6 7 8 11 32 
2 3 6 7 29 32 34 
1 2 3 4 5 6 19 
3 4 
2 3 4 5 6 32 34 
1 2 9 
1 3 5 28 
1 2 5 11 36 
2 3 4 5 7 8 15 26 
1 3 5 6 7 8 30 34 
2 3 4 8 19 
12 23 
1 5 7 8 9 
2 3 4 8 31 35 
5 8 33 38 
1 3 5 38 
1 2 4 5 6 8 17 30 
1 2 5 6 7 11 29 
1 2 4 5 6 7 8 32 
1 2 4 5 8 27 
5 6 14 
3 5 
1 3 5 38 
2 3 4 8 14 38 
2 3 7 21 
4 5 14 17 27 
1 2 3 6 7 16 36 
15 32 
5 7 
7 8 17 
1 2 4 8 26 
2 6 18 
2 7 28 
1 3 4 5 
3 7 
2 3 4 5 7 19 26 37 
2 3 4 7 8 16 19 31 
1 2 3 4 5 6 7 
2 4 6 
2 4 12 21 25 27 33 
2 5 7 8 24 35 
1 2 3 5 6 7 14 30 
2 3 6 
2 4 5 6 8 22 37 
2 5 8 20 
1 3 4 7 8 11 
3 25 
2 3 6 31 
1 3 4 5 
2 3 4 7 8 27
2
1 2 4 8 15
1 2 35
5 6
35 5
16 15
24 13
30 19
8 7
1 15
23 17
32 7
22 11
6 14
36 6
31 4
9 19
14 5
29 18
7 12
25 4
33 20
13 2
4 20
21 9
27 6
18 13
26 3
