4 5
1 2 5
40
203
3 8 6 5 8 7 5 7 5 7 8 4 5 6 1 3 3 2 7 3 3 4 6 7 6 3 5 2 3 4 8 8 4 5 2 3 7 3 6 6 6 4 8 4 5 1 6 7 2 5 3 6 6 6 5 6 8 7 2 2 7 4 3 2 7 5 7 5 6 4 5 8 8 8 5 4 8 6 4 4 8 7 8 3 5 7 5 3 5 3 6 2 7 1 2 5 4 8 3 5 2 7 1 5 7 2 7 6 5 1 7 7 5 7 6 3 7 4 4 3 1 8 3 7 8 8 3 6 7 8 5 3 7 7 1 7 4 2 2 7 5 7 8 6 1 6 3 4 2 7 2 6 4 7 5 6 6 6 7 8 8 5 4 3 6 6 8 7 4 4 7 1 7 8 6 8 4 6 7 7 3 6 7 5 2 6 8 5 8 1 5 7 6 2 5 3 6 5 7 7 6 8 2
5 27 28 
2 4 5 6 7 8 15 16 
1 3 4 5 7 8 
1 4 5 8 24 
1 2 3 4 5 6 16 32 
2 3 5 6 7 8 27 
1 2 4 5 11 
1 2 3 4 5 27 37 
3 6 11 23 24 
1 5 8 14 18 22 34 
1 2 3 4 5 6 11 26 
1 5 8 37 
2 3 8 15 29 
1 5 6 7 8 12 
6 
2 11 37 
4 8 17 
6 28 
1 3 4 6 7 8 13 
5 6 7 
6 8 20 
1 4 7 20 
4 6 8 13 23 32 
1 3 6 11 27 33 36 
1 2 3 6 8 22 
1 21 31 
3 4 6 7 16 
1 32 
1 3 30 
4 6 10 34 
1 2 3 4 6 7 8 35 
1 2 3 4 5 6 7 8 
1 4 11 18 
2 4 6 7 16 
1 6 
3 4 27 
1 2 4 5 6 8 19 
1 3 8 
2 5 6 7 9 27 
1 4 5 7 13 26 
4 6 8 11 17 35 
4 6 7 17 
1 2 3 5 6 7 8 23 
1 2 3 5 
1 3 4 21 38 
15 
1 6 21 27 28 38 
1 2 3 6 8 16 22 
6 7 
1 3 4 6 37 
5 6 8 
1 2 3 4 7 19 
1 2 3 4 6 13 
1 3 5 6 7 24 
1 4 5 8 14 
1 2 3 12 32 37 
1 3 4 5 6 14 16 28 
1 4 5 6 21 25 26 
1 4 
1 6 
1 2 3 8 10 31 35 
1 4 5 25 
3 27 35 
1 2 
2 3 5 12 16 30 34 
2 5 7 8 13 
1 2 3 7 8 32 38 
4 5 6 7 8 
1 4 5 7 11 15 
1 3 19 23 
2 5 8 18 19 
1 2 4 6 7 8 20 22 
1 2 3 4 5 6 8 12 
1 3 4 5 6 7 10 21 
3 6 7 27 28 
4 5 8 15 
2 3 4 6 7 8 16 26 
1 2 4 6 8 21 
1 2 4 13 
1 3 7 9 
1 2 5 6 7 15 22 32 
1 2 6 7 9 10 21 
1 3 4 5 6 7 33 36 
3 6 25 
1 4 7 15 24 
1 4 5 6 11 24 36 
4 7 16 25 27 
1 8 21 
1 4 5 6 7 
1 2 8 
3 4 6 8 18 33 
5 6 
4 7 8 17 20 21 38 
34 
1 4 
1 2 3 5 7 
5 7 11 12 
1 3 5 6 8 14 17 38 
2 6 8 
1 4 5 7 30 
6 16 
3 4 5 6 7 8 32 
13 
5 7 8 18 28 
2 6 14 17 18 30 35 
6 34 
1 2 4 6 8 17 28 
1 2 4 6 7 8 
1 2 3 16 37 
17 
3 5 6 7 8 19 37 
1 4 5 6 7 8 19 
6 14 25 33 36 
3 4 5 7 8 9 27 
1 2 4 6 7 30 
1 8 12 
1 2 3 4 5 6 12 
1 3 15 18 
2 6 7 8 
1 8 33 
1 
1 2 4 6 7 17 27 34 
3 5 6 
1 3 4 5 8 33 37 
1 3 4 5 7 8 12 17 
1 2 3 5 7 8 9 30 
1 12 19 
1 2 3 5 6 8 
4 6 8 13 17 34 38 
1 3 6 7 8 16 22 28 
6 7 8 20 26 
2 7 35 
3 4 7 8 13 14 35 
1 4 6 7 32 36 38 
6 
1 3 4 5 7 8 16 
1 2 3 28 
1 8 
15 28 
1 3 4 6 8 18 35 
1 3 6 7 8 
1 2 6 7 8 13 32 
1 2 3 5 7 18 25 26 
1 5 7 8 18 33 
35 
3 7 27 32 33 36 
3 7 18 
1 4 6 21 
5 17 
1 2 4 5 6 7 8 
6 9 
2 4 6 20 31 35 
2 6 8 9 
2 4 5 6 7 8 21 
3 4 6 7 8 
2 4 5 6 7 23 
2 5 8 35 37 38 
1 3 4 6 9 26 
1 3 5 6 8 14 24 
2 4 5 8 15 18 27 37 
2 3 4 5 6 8 20 24 
1 2 6 7 35 
1 4 6 7 
1 5 7 
2 4 6 7 8 35 
1 2 3 6 7 12 
1 2 3 5 7 12 31 33 
1 3 4 5 6 8 30 
1 3 22 24 
1 5 18 30 
3 4 5 6 11 16 30 
1 
1 2 4 6 7 23 32 
1 2 3 4 6 8 12 13 
2 7 8 11 23 35 
5 6 8 11 21 30 32 36 
1 3 4 10 
1 2 5 7 15 28 
1 5 6 7 22 26 28 
1 2 4 5 6 7 17 
6 8 33 
1 4 5 6 7 8 
1 2 7 14 17 33 37 
1 4 8 32 35 
1 7 
1 5 7 8 12 22 
2 3 5 7 8 15 29 35 
1 2 3 6 8 
1 2 3 4 5 6 8 13 
11 
1 5 7 8 28 
1 2 4 7 8 10 19 
1 3 4 5 7 8 
4 13 
2 6 24 25 34 
7 11 29 
3 4 6 14 26 29 
1 3 15 30 36 
1 3 5 7 8 15 24 
2 3 4 5 8 12 13 
1 3 4 8 15 32
1 2 3 5 7 8 11 25
5 6
5 15
16 11
20 8
12 8
30 4
28 4
24 6
8 16
37 3
23 17
19 5
22 13
32 14
36 10
9 10
31 19
14 3
3 17
29 2
33 7
7 11
25 18
4 20
21 6
2 13
10 1
38 9
26 1
