4 5
1 2 5
40
206
5 5 7 6 5 4 6 8 4 5 2 7 4 6 8 2 5 6 4 8 2 2 3 5 7 6 6 6 7 8 2 3 6 6 7 2 1 4 4 5 7 2 5 7 5 7 7 5 8 6 4 5 4 8 2 6 7 6 3 6 8 3 4 7 5 7 5 7 6 3 8 4 6 8 5 7 3 2 4 5 7 2 6 6 7 7 8 1 1 1 6 4 8 3 5 7 8 2 2 8 5 5 7 3 6 1 7 5 3 6 2 2 8 7 2 6 8 7 7 7 3 6 5 5 6 8 5 7 5 6 2 5 8 5 7 3 8 3 5 8 3 4 7 6 4 8 3 6 6 3 5 6 7 1 6 6 7 7 7 7 8 6 5 7 3 3 6 6 7 5 4 2 5 6 7 5 4 4 8 4 7 6 3 4 8 4 8 5 8 6 5 7 7 4 4 7 7 8 2 4 5 5 8 4 4 6 
1 4 13 18 28 
1 4 6 24 35 
4 5 6 8 11 16 38 
2 4 5 7 8 36 
1 4 7 16 35 
3 6 8 34 
4 6 7 8 30 36 
1 2 3 4 5 6 7 10 
1 4 15 30 
1 2 5 7 37 
6 33 
2 3 4 5 8 11 14 
1 3 14 26 
1 2 3 5 6 7 
1 3 4 5 6 15 26 33 
1 4 
1 6 7 23 29 
1 2 6 8 18 34 
1 3 20 38 
2 3 5 19 27 29 35 36 
5 34 
24 27 
1 2 3 
2 6 8 25 34 
1 3 4 11 18 21 32 
2 3 18 23 24 36 
2 6 8 20 28 36 
1 2 6 7 8 29 
2 3 5 7 8 17 34 
1 2 3 4 6 7 8 29 
5 36 
17 19 31 
10 14 18 23 36 37 
1 2 3 5 6 7 
1 4 5 8 13 24 38 
15 28 
18 
1 6 8 38 
1 7 8 36 
2 3 7 17 27 
1 2 3 7 8 15 34 
1 6 
2 3 4 5 36 
1 2 5 6 7 8 37 
1 2 4 5 13 
1 2 3 4 5 6 8 
1 2 4 6 7 22 25 
2 11 20 21 36 
1 4 8 10 11 19 22 26 
1 4 5 6 20 36 
2 4 7 34 
2 6 7 8 16 
7 8 19 35 
1 2 3 6 8 9 10 26 
3 17 
2 4 5 6 25 36 
1 2 4 5 7 8 23 
4 7 8 18 20 34 
1 4 8 
1 4 5 6 7 12 
2 4 7 8 18 20 24 34 
1 5 16 
4 5 7 17 
1 3 4 6 7 8 37 
1 2 8 21 36 
3 4 5 7 8 15 36 
1 7 8 16 21 
1 5 6 7 8 28 35 
1 2 4 5 6 31 
24 25 32 
2 4 7 8 17 18 21 29 
1 5 7 29 
1 3 5 22 28 32 
2 3 5 6 7 8 14 16 
3 4 5 7 14 
1 2 4 7 14 16 25 
1 6 8 
1 6 
1 3 5 18 
1 2 3 4 8 
1 2 3 4 8 9 32 
1 4 
1 2 3 5 6 7 
1 3 4 7 8 12 
1 2 4 6 7 8 30 
3 4 6 7 8 28 33 
1 2 3 5 6 8 13 21 
23 
1 
24 
1 3 6 8 19 37 
3 4 6 33 
2 6 7 8 14 15 21 36 
5 6 33 
1 2 3 7 38 
3 4 7 8 10 20 28 
1 2 3 4 6 18 28 35 
6 36 
7 23 
2 3 4 6 7 10 11 20 
2 4 5 7 14 
1 4 5 7 8 
1 2 4 6 8 19 32 
4 8 33 
1 2 3 4 5 7 
14 
2 3 4 5 7 8 26 
1 2 6 16 34 
1 4 11 
1 3 7 28 34 36 
1 4 
4 16 
1 2 5 6 7 11 28 35 
1 2 3 5 6 7 8 
3 33 
1 3 5 6 7 12 
6 7 8 9 13 19 29 32 
1 3 4 6 7 8 33 
1 2 5 7 8 17 35 
1 2 3 8 9 15 30 
1 3 12 
4 6 16 17 18 27 
1 3 5 6 7 
2 3 4 8 24 
2 4 5 7 8 20 
1 3 5 6 13 16 25 34 
1 4 5 6 31 
2 3 4 5 6 10 17 
1 4 6 8 11 
1 5 6 7 24 36 
6 18 
2 3 7 16 24 
1 2 3 4 15 28 30 35 
1 6 7 16 19 
1 5 6 7 8 9 31 
2 16 32 
1 2 4 5 6 8 10 18 
1 3 8 
1 4 5 8 26 
1 2 3 5 6 7 8 15 
7 8 33 
1 3 4 5 
1 3 4 6 7 8 20 
1 3 8 12 26 34 
1 3 7 38 
1 3 4 5 6 7 8 27 
1 3 25 
1 3 4 7 8 11 
1 3 6 7 8 13 
4 8 17 
1 2 4 8 10 
1 4 5 6 7 24 
1 2 4 5 6 8 34 
17 
4 19 22 25 27 38 
1 6 8 10 14 30 
1 2 4 5 6 7 12 
1 2 4 5 6 7 8 
1 5 6 7 8 20 33 
1 2 4 5 7 8 25 
1 2 3 4 5 6 7 8 
2 4 5 7 19 23 
1 4 6 8 33 
1 6 7 8 9 12 25 
2 4 17 
4 6 34 
3 5 6 7 8 33 
1 2 4 6 8 38 
1 2 3 4 6 12 14 
4 8 16 22 29 
1 4 7 28 
1 20 
2 3 8 23 35 
1 4 5 6 7 8 
2 3 4 5 6 8 36 
4 6 7 8 14 
3 18 21 34 
4 7 24 37 
1 2 3 4 5 6 7 8 
4 7 8 33 
2 6 13 20 21 27 34 
1 3 4 7 25 38 
1 2 34 
1 2 4 5 
1 5 6 7 8 16 24 26 
8 11 24 27 
1 2 5 7 8 13 15 27 
3 4 7 16 23 
2 3 4 5 6 8 11 14 
1 3 5 7 33 35 
1 2 4 7 34 
1 3 4 5 6 24 36 
1 3 5 6 7 13 28 
1 3 5 7 
1 2 5 7 
1 2 3 4 5 6 8 
1 2 3 5 11 33 36 
1 2 3 4 5 6 14 29 
5 16 
3 4 16 19 
1 6 7 25 33
2 4 8 19 31
1 3 4 8 16 20 32 37
8 15 17 18
2 3 7 19
1 2 3 4 6 7 
5 11
35 10
12 16
30 8
28 9
8 2
37 7
32 9
22 11
6 1
11 2
31 1
9 17
3 3
29 13
7 5
25 19
13 6
4 14
21 10
2 12
10 4
27 6
38 15
