4 5
1 2 5
40
51
1 6 1 5 8 5 4 7 8 6 7 6 5 3 2 8 5 7 8 8 4 8 3 8 2 5 3 6 5 5 2 7 5 8 6 6 6 3 2 8 5 7 8 1 3 8 2 3 3 3 3
2 
1 2 6 7 10 12 
7 
1 2 5 8 35 
2 4 8 11 18 26 32 33 
2 3 4 5 6 
3 4 5 23 
3 4 5 6 7 16 36 
1 2 3 4 5 6 7 8 
1 2 3 5 6 8 
3 6 7 21 25 28 37 
1 2 3 5 7 34 
2 6 7 22 23 
1 26 30 
7 32 
1 2 3 4 6 7 17 20 
2 3 6 8 23 
4 7 8 16 21 24 28 
2 3 4 5 6 7 11 25 
2 4 5 8 18 19 33 34 
2 3 7 8 
1 2 3 5 6 12 15 17 
2 4 7 
2 3 4 5 6 7 8 32 
2 17 
1 2 3 8 11 
6 7 37 
2 4 8 14 22 28 
3 4 5 6 38 
1 2 4 5 21 
1 28 
1 3 4 5 7 17 25 
2 5 13 18 29 
1 2 4 5 6 7 20 23 
4 5 7 8 19 21 
1 2 4 22 25 38 
6 7 8 29 31 35 
3 6 12 
2 33 
1 2 3 4 5 6 7 8 
2 4 6 7 11 
1 2 3 4 5 6 35 
1 2 3 4 7 8 10 13 
10 
2 4 24 
1 4 6 7 8 19 23 32 
2 3 
2 6 29 
3 7 37 
1 2 30 
3 4 24
5 1
16 17
35 18
12 15
30 6
28 5
24 10
8 12
17 13
37 16
19 3
32 5
23 17
6 7
11 14
36 4
31 11
33 1
25 16
34 19
4 11
15 4
13 15
21 20
27 10
18 18
26 8
38 20
