4 5
1 2 5
40
55
5 6 3 5 2 3 3 7 5 3 4 8 8 4 6 5 2 3 7 3 6 6 4 8 4 5 2 6 7 5 6 6 3 6 5 6 8 7 2 2 7 2 4 2 5 7 5 6 4 8 8 8 3 4 8
1 2 8 16 39 
1 2 3 6 8 23 
1 21 32 
3 4 6 7 16 
1 33 
1 3 30 
3 7 34 
3 7 8 29 30 32 37 
2 3 8 23 34 
3 4 9 
4 6 10 35 
1 2 3 4 6 7 8 36 
1 2 3 4 5 6 7 8 
1 4 11 18 
2 4 5 7 8 16 
2 4 6 7 16 
1 6 
3 4 28 
1 2 4 5 6 8 19 
1 3 8 
1 4 5 7 13 27 
4 6 8 11 17 36 
4 6 7 17 
1 2 3 5 6 7 8 24 
1 2 3 5 
1 3 4 21 22 
26 34 
1 6 22 27 28 29 
1 2 3 6 8 16 22 
1 3 4 6 38 
1 2 3 4 7 20 
1 2 3 4 6 13 
4 8 29 
1 3 5 6 7 24 
1 4 5 8 14 
1 2 3 12 33 38 
1 3 4 5 6 14 16 28 
1 4 5 6 22 26 27 
1 4 
1 6 
1 2 3 8 10 32 36 
3 4 
1 4 5 26 
1 2 
2 5 7 8 13 
1 2 3 7 8 33 39 
4 5 6 7 8 
1 4 5 7 11 15 
1 3 20 23 
1 2 4 6 7 8 21 23 
1 2 3 4 5 6 8 12
1 3 4 5 6 7 10 22
3 5 11 
4 5 8 15
2 3 4 6 7 8 16 27
5 9
16 15
20 8
35 16
12 19
24 14
28 20
8 18
17 11
37 18
23 11
19 1
32 1
22 8
6 20
36 7
31 3
9 17
14 13
3 2
39 16
29 7
33 3
7 5
25 9
15 13
2 15
27 6
10 10
26 2
38 12
18 14
