4 5
1 2 5
40
104
4 3 8 7 8 7 3 1 2 7 5 8 8 5 5 6 4 4 1 8 8 1 6 4 6 5 7 4 3 2 5 4 4 3 8 8 7 2 3 7 1 6 7 4 6 4 6 5 3 6 6 6 7 4 8 4 4 6 4 4 6 4 4 3 5 7 5 3 5 8 5 7 5 4 6 3 4 7 2 8 4 3 8 2 5 6 5 5 7 8 6 6 6 8 5 7 8 3 8 3 3 6 3 6 
1 4 6 7 
3 5 25 
3 5 6 7 8 31 35 38 
1 2 3 4 6 8 24 
1 2 4 5 6 7 8 34 
1 2 3 4 5 6 19 
1 4 7 
4 
3 4 
2 3 4 5 6 33 34 
1 2 5 11 37 
2 3 4 5 7 8 15 26 
1 3 5 6 7 8 30 35 
2 3 4 8 19 
1 5 7 8 9 
2 3 4 8 31 36 
5 8 33 34 
1 3 5 39 
8 
1 2 4 5 6 8 17 31 
1 2 4 5 6 7 8 33 
8 
1 2 4 5 8 27 
1 3 5 39 
2 3 4 8 14 39 
4 5 15 17 28 
1 2 3 6 7 16 36 
6 7 8 28 
7 8 17 
24 25 
1 2 4 8 27 
1 6 24 36 
1 3 4 5 
1 8 33 
2 3 4 5 7 19 27 38 
2 3 4 7 8 17 19 32 
1 2 3 4 5 6 7 
9 37 
2 4 6 
2 4 13 22 25 28 34 
8 
2 5 7 8 25 36 
2 4 5 6 8 22 38 
2 5 8 20 
1 3 4 7 8 11 
1 3 4 5 
2 3 4 7 8 28 
1 2 4 8 15 
1 2 36 
1 6 7 8 33 39 
4 6 7 18 24 37 
1 2 4 6 7 39 
3 4 6 7 21 25 26 
2 3 4 7 
1 2 3 5 6 8 20 38 
1 4 20 30 
2 4 17 29 
2 4 5 6 7 15 
3 4 7 39 
6 8 14 22 
1 2 4 6 10 20 
3 7 8 30 
4 5 7 13 
1 5 8 
2 4 5 7 38 
3 4 6 7 8 28 34 
1 4 8 18 23 
2 3 8 
1 4 7 8 10 
2 3 4 5 6 8 28 34 
1 2 4 6 7 
4 6 7 8 22 25 28 
1 2 3 5 25 
4 6 22 36 
1 4 5 6 8 20 
4 6 20 
4 8 16 27 
2 3 4 5 7 11 25 
4 8 
2 4 5 8 19 20 33 35 
2 3 7 8 
2 4 7 
2 3 4 5 6 7 8 33 
4 6 
1 2 3 8 11 
2 4 8 14 23 28 
3 4 5 6 39 
1 2 4 5 21 
1 3 4 5 7 17 26 
1 2 4 5 6 7 21 24 
4 5 7 8 19 22 
1 2 4 22 25 39 
6 7 8 30 32 36 
1 2 3 4 5 6 7 8 
2 4 6 7 11 
1 2 3 4 5 6 35 
1 2 3 4 7 8 10 13 
2 4 25 
1 4 6 7 8 19 23 33 
3 4 24 
2 4 7
1 2 3 6 7 39
4 25 31
2 4 6 17 19 25
5 1
16 3
35 11
12 11
24 7
28 13
30 18
17 6
23 1
19 4
22 12
1 14
6 9
32 19
11 19
9 4
31 20
14 10
3 16
29 13
33 7
7 9
34 8
13 16
15 17
21 10
2 8
27 15
18 5
10 17
38 18
26 20
