4 5
1 2 5
40
100
3 4 6 6 5 6 6 2 6 4 7 6 4 6 8 4 2 7 5 8 8 6 5 5 8 4 6 5 1 8 6 6 8 5 8 8 2 8 6 5 5 4 5 4 6 8 2 4 4 7 3 5 8 5 5 7 4 7 2 6 7 2 5 8 2 2 8 7 7 1 2 5 2 1 7 8 4 5 3 4 3 1 1 3 5 2 8 5 5 8 6 6 6 2 7 7 8 6 5 5 
5 8 13 
1 4 5 28 
2 4 5 6 8 15 
1 2 4 5 6 8 
1 3 5 15 29 
1 2 6 8 19 30 
1 5 6 7 14 24 
2 8 
1 2 3 4 6 11 
2 5 7 26 
1 2 4 8 10 32 35 
2 5 8 35 37 38 
3 4 8 30 
1 2 3 4 6 8 
1 2 3 4 5 6 8 28 
5 6 33 36 
7 8 
1 3 5 6 7 8 27 
3 5 6 7 21 
1 2 3 4 5 7 8 35 
2 4 7 8 9 16 30 32 
1 6 7 8 17 24 
5 6 7 8 9 
1 3 4 6 7 
1 2 3 4 5 7 11 13 
1 2 4 7 
1 3 4 5 8 9 
1 4 5 7 8 
6 
2 3 4 5 6 9 15 35 
1 3 4 5 8 26 
1 4 5 9 10 35 
1 2 3 4 5 7 8 13 
4 6 8 9 35 
2 3 4 5 6 7 8 9 
1 2 3 5 6 8 18 19 
2 5 
1 2 3 5 6 8 23 37 
1 2 4 5 12 27 
2 3 5 7 18 
2 5 6 8 18 
3 5 6 18 
4 5 6 16 28 
3 6 14 26 
1 3 4 6 7 17 
1 4 7 11 21 29 33 38 
5 20 
3 4 5 32 
2 4 5 6 
2 3 4 5 7 8 17 
7 14 23 
1 2 4 33 35 
1 2 4 6 7 8 13 16 
1 4 5 6 7 
3 7 8 18 24 
1 3 4 6 8 14 21 
4 6 25 35 
3 4 11 15 21 22 27 
22 25 
1 2 3 5 7 10 
2 3 4 6 7 8 31 
4 5 
1 8 16 31 36 
1 5 6 8 9 17 20 38 
6 7 
6 8 
1 3 4 6 7 21 29 37 
2 3 4 5 8 25 33 
3 5 7 8 19 23 34 
5 
3 6 
1 3 5 8 16 
7 8 
13 
1 2 7 8 13 21 38 
1 4 5 7 8 18 26 27 
8 15 16 22 
5 8 14 21 24 
4 7 24 
2 3 5 8 
2 8 9 
37 
6 
1 4 7 
3 4 6 7 27 
8 34 
2 3 4 5 6 8 21 34 
1 2 3 6 8 
2 7 14 16 37 
1 4 5 8 11 14 26 33 
1 2 3 4 6 7 
2 5 7 8 30 36 
1 6 14 16 25 29 
4 7 
2 3 4 13 18 23 37 
2 5 7 26 32 35 37 
1 4 5 6 8 21 26 34 
1 2 3 5 6 7 
5 15 17 24 32 
3 5 6 8 33 
16 3
12 12
30 5
24 15
17 8
1 1
23 14
32 11
19 16
11 15
31 9
9 17
14 5
3 14
29 16
33 4
34 1
4 18
15 6
2 17
10 8
18 3
27 10
26 11
