4 5
1 2 5
40
202
6 3 4 5 8 4 4 7 3 1 5 8 5 5 7 4 1 7 2 5 6 7 2 5 2 2 8 7 7 2 5 2 7 3 8 4 5 3 4 3 5 2 8 5 5 8 6 6 6 2 7 7 8 6 5 8 7 8 3 6 7 3 7 4 8 5 6 7 8 5 8 8 3 8 3 5 3 5 4 4 7 7 8 6 5 6 3 6 6 5 4 4 2 1 6 4 5 8 3 2 8 8 8 8 6 7 5 5 5 6 8 7 1 6 2 5 7 6 8 1 8 4 8 4 1 3 2 5 8 5 7 1 4 5 6 7 8 2 3 5 6 2 8 6 3 4 2 5 2 5 4 4 4 6 3 7 7 5 8 5 5 8 5 3 5 6 8 6 7 7 7 7 4 6 8 7 7 8 4 2 7 4 6 5 6 2 7 6 7 8 6 4 8 8 5 2 1 2 7 6 4 7 
1 3 5 7 8 12 
4 7 8 
2 4 6 20 
3 4 7 8 16 
1 3 4 12 19 25 33 37 
3 4 5 32 
2 4 5 6 
2 3 4 5 7 8 17 
7 14 23 
3 
1 2 4 33 35 
1 2 4 6 7 8 13 16 
1 4 5 6 7 
3 7 8 18 24 
1 3 4 6 8 14 21 
4 6 25 35 
3 
3 4 11 15 21 22 27 
22 25 
2 3 4 10 12 
1 2 3 5 7 10 
2 3 4 6 7 8 31 
4 5 
1 8 16 31 36 
1 3 
6 7 
1 3 4 6 7 21 29 37 
2 3 4 5 8 25 33 
3 5 7 8 19 23 34 
3 6 
1 3 5 8 16 
7 8 
1 2 7 8 13 21 38 
3 4 33 
1 4 5 7 8 18 26 27 
8 15 16 22 
5 8 14 21 24 
4 7 24 
2 3 5 8 
1 4 7 
3 4 6 7 27 
8 34 
2 3 4 5 6 8 21 34 
1 2 3 6 8 
2 7 14 16 37 
1 4 5 8 11 14 26 33 
1 2 3 4 6 7 
2 5 7 8 30 36 
1 6 14 16 25 29 
4 7 
2 3 4 13 18 23 37 
2 5 7 26 32 35 37 
1 4 5 6 8 21 26 34 
1 2 3 5 6 7 
3 5 6 8 33 
1 3 4 7 8 10 12 29 
1 2 4 5 7 20 30 
1 2 3 5 6 7 8 28 
2 6 22 
3 4 5 8 9 20 
3 5 7 15 17 25 35 
7 8 26 
2 6 8 19 31 36 38 
5 6 7 27 
1 2 5 6 7 10 35 37 
3 5 6 7 35 
4 5 7 16 24 26 
1 5 6 7 18 23 24 
1 5 6 9 11 16 27 38 
3 4 6 7 8 
1 2 3 4 5 6 7 8 
2 3 5 7 8 11 26 35 
5 8 11 
1 2 4 10 14 20 25 32 
18 28 29 
1 4 6 7 34 
1 2 3 
2 3 5 6 21 
4 7 8 20 
2 3 5 8 
2 4 5 6 9 12 29 
1 2 3 4 5 6 8 
2 3 4 8 24 31 33 34 
1 2 3 4 6 7 
1 3 6 8 30 
1 2 3 4 5 6 
5 6 7 
3 6 7 8 29 33 
1 2 3 6 7 19 
1 2 5 23 29 
3 6 7 25 
2 5 6 22 
3 4 
36 
1 2 3 4 8 37 
3 9 27 32 
4 6 7 32 35 
1 2 3 4 7 8 17 25 
4 7 23 
3 8 
1 2 3 4 5 6 7 8 
1 2 3 6 7 8 14 37 
1 3 5 6 7 8 20 34 
1 2 3 4 6 20 28 38 
1 2 3 5 6 8 
2 3 4 5 6 7 8 
1 3 4 5 8 
3 6 8 25 37 
1 4 18 25 37 
1 2 4 14 25 36 
2 4 6 7 8 11 14 22 
2 4 5 6 8 18 33 
3 
1 2 3 7 8 21 
3 24 
2 5 7 20 21 
1 2 3 5 6 7 8 
1 3 5 6 7 8 
4 6 8 19 21 24 29 37 
4 
1 2 3 4 5 7 8 13 
2 7 8 38 
1 3 4 5 6 8 37 38 
1 3 4 5 
27 
1 4 26 
4 5 
2 3 4 14 35 
1 3 4 5 6 7 8 30 
1 4 5 7 18 
1 2 4 5 6 7 8 
3 
1 3 5 6 
3 4 6 7 28 
1 3 6 8 11 26 
1 2 4 7 8 9 33 
1 2 4 5 6 8 13 32 
11 21 
6 7 11 
1 2 3 5 15 
3 4 14 27 33 38 
2 29 
3 4 5 7 8 11 18 27 
2 4 5 6 7 8 
4 8 34 
6 7 25 28 
3 5 
2 3 6 20 36 
3 6 
1 3 4 7 8 
1 3 7 8 
3 7 24 37 
2 3 20 24 
3 4 6 10 32 37 
3 5 8 
1 2 3 4 5 6 8 
1 2 3 5 7 8 38 
4 6 7 8 27 
1 2 3 5 7 8 9 15 
6 10 17 29 33 
1 2 3 6 8 
1 2 3 5 6 7 8 26 
3 6 7 8 15 
1 16 22 
1 6 9 13 34 
3 4 5 18 29 32 
1 2 4 8 9 13 24 28 
2 3 6 8 14 21 
1 2 3 4 6 7 14 
1 3 6 7 8 10 27 
1 2 4 5 7 33 37 
4 5 6 7 16 17 18 
2 3 4 7 
1 3 5 6 7 33 
1 2 3 4 5 6 7 38 
1 3 4 7 16 17 29 
1 3 4 6 7 16 23 
1 2 4 5 7 8 18 38 
1 6 7 8 
6 34 
2 3 4 6 8 13 37 
4 7 8 35 
1 2 4 6 7 28 
1 4 5 7 17 
1 4 7 23 30 33 
1 36 
3 4 6 7 8 15 22 
1 4 6 8 9 37 
1 2 3 6 13 16 29 
5 6 7 8 15 20 26 36 
2 3 5 18 21 36 
2 3 5 32 
2 3 4 5 7 8 17 28 
1 2 3 4 6 8 30 34 
1 4 5 15 18 
7 8 
4 
8 27 
1 2 4 6 7 15 27 
1 4 6 7 13 28 
1 2 4 8
1 4 5 8 9 20 24
5 4
16 12
20 11
35 14
12 13
24 11
28 2
8 15
17 16
37 16
23 3
19 10
32 1
1 12
6 15
30 18
9 3
31 18
14 7
33 9
25 20
13 19
15 2
2 20
10 17
18 8
26 8
38 13
