4 5
1 2 5
40
203
3 4 8 8 6 8 6 2 5 1 8 4 5 4 3 2 8 8 6 5 2 3 3 2 3 3 5 6 6 5 3 4 3 4 6 5 4 8 4 8 7 4 6 2 6 6 6 8 6 8 7 7 8 5 4 5 5 7 4 7 7 8 3 7 5 7 4 6 2 8 8 7 8 2 5 3 8 8 7 7 3 5 7 7 6 8 3 1 2 2 5 1 5 6 3 5 8 8 7 3 6 6 3 5 3 2 8 7 6 5 8 1 4 1 7 7 5 7 1 8 2 6 3 3 1 6 4 7 1 2 3 6 4 6 6 4 7 7 6 4 1 7 8 5 7 3 2 3 7 4 5 8 3 1 6 5 6 2 1 1 2 4 3 2 3 3 5 3 1 3 5 6 5 5 8 8 5 7 2 3 4 4 2 4 8 3 5 5 3 5 6 5 4 8 5 7 3 3 1 4 6 6 8
1 6 8 
3 4 7 36 
1 5 7 8 10 17 24 25 
1 2 3 4 6 7 8 11 
4 5 6 9 24 25 
1 3 4 5 8 17 23 25 
1 2 4 8 10 20 
1 34 
1 6 7 11 25 
2 
1 2 3 6 7 12 21 23 
2 8 21 27 
2 7 8 18 36 
1 3 7 8 
8 26 28 
6 26 
1 2 3 4 5 14 24 26 
3 4 5 8 14 16 23 34 
2 3 5 7 16 37 
1 5 10 12 25 
3 6 
2 5 8 
3 8 25 
2 5 
5 8 22 
2 6 30 
2 9 12 21 29 
1 6 10 11 15 25 
1 2 3 4 8 26 
2 7 19 20 34 
3 14 34 
2 3 22 27 
8 11 23 
3 4 21 35 
1 4 7 12 15 23 
6 7 25 36 38 
4 6 8 30 
2 3 6 8 22 27 30 34 
2 3 6 7 
3 4 5 6 7 8 28 31 
1 2 3 4 5 6 16 
2 8 15 30 
1 3 5 8 13 37 
1 6 
2 3 7 11 25 33 
4 5 6 7 16 28 
1 3 19 20 26 36 
1 3 4 7 8 11 19 33 
1 2 4 5 6 8 
1 3 4 5 6 7 8 32 
1 2 3 4 5 6 8 
1 2 4 5 6 7 28 
2 3 5 7 8 20 23 37 
1 6 7 26 28 
4 5 6 7 
6 7 21 24 32 
2 3 4 8 9 
1 2 3 4 5 7 8 
18 22 30 32 
1 2 3 4 5 7 8 
1 2 5 7 8 16 30 
1 3 4 5 6 8 9 12 
2 15 34 
2 4 5 6 7 8 32 
3 8 21 29 37 
1 3 4 5 7 8 13 
5 6 10 27 
3 5 6 19 23 30 
1 8 
2 3 5 8 12 16 33 38 
1 2 3 4 6 7 8 23 
1 5 7 18 29 30 38 
1 2 3 4 5 6 7 38 
7 12 
2 3 7 26 31 
1 2 34 
1 2 3 4 5 6 7 8 
1 3 5 6 7 8 9 31 
1 3 5 6 7 19 34 
1 2 3 4 5 9 19 
3 5 21 
1 4 6 7 27 
1 2 3 5 6 8 24 
1 5 7 8 18 20 23 
2 3 4 6 7 37 
2 4 6 7 8 9 19 33 
5 12 33 
32 
6 37 
5 6 
2 5 6 7 16 
3 
1 2 6 20 32 
3 6 14 16 31 32 
4 23 31 
1 2 6 7 8 
1 2 3 4 5 6 8 18 
1 2 5 7 8 16 17 36 
2 4 6 8 9 16 31 
3 5 8 
1 2 4 5 8 22 
1 3 5 6 7 23 
3 33 38 
5 6 15 16 32 
7 8 22 
3 7 
2 5 6 7 18 26 30 33 
5 6 13 20 25 28 35 
4 5 6 7 8 34 
3 4 6 7 8 
1 3 4 5 13 26 33 38 
3 
1 6 7 8 
6 
1 2 3 4 6 15 31 
2 3 5 6 7 18 22 
2 4 17 18 19 
2 5 7 8 20 26 37 
23 
1 3 4 6 8 18 27 37 
1 12 
3 4 7 11 25 30 
1 5 14 
2 6 12 
3 
1 3 4 5 7 29 
2 4 5 6 
1 2 3 4 6 7 8 
2 
3 5 
5 6 21 
7 8 27 29 30 32 
2 8 28 29 
2 5 6 7 8 16 
1 3 6 22 27 37 
6 16 36 38 
2 4 7 8 20 25 31 
1 3 5 7 11 15 29 
2 5 6 8 29 37 
6 21 22 27 
2 
1 2 4 5 7 8 10 
1 2 4 5 7 11 30 37 
4 6 13 19 24 
1 2 5 7 8 25 34 
5 8 31 
3 5 
1 4 8 
1 2 3 4 6 7 11 
4 5 8 38 
1 2 7 12 33 
2 5 6 7 13 21 23 27 
8 14 26 
3 
1 4 5 6 26 38 
3 6 8 22 24 
1 2 4 6 34 35 
1 5 
3 
6 
11 22 
1 2 3 8 
3 6 34 
2 8 
9 27 32 
1 4 7 
3 4 6 8 21 
5 7 23 
1 
1 5 6 
3 4 5 6 7 
1 4 5 6 14 36 
2 4 5 8 33 
5 6 22 27 37 
1 3 4 5 6 7 8 27 
1 2 3 4 5 6 8 14 
2 4 7 19 35 
2 3 4 5 6 7 26 
1 4 
1 2 8 
1 3 4 5 
2 7 8 29 
1 13 
3 8 22 28 
1 2 3 4 5 6 7 8 
1 4 6 
2 5 6 7 31 
1 5 6 8 16 
7 14 38 
1 3 8 29 31 
1 6 7 20 21 37 
1 3 5 26 29 
1 3 16 31 
1 2 4 6 8 9 14 24 
3 5 6 15 31 
1 2 3 4 5 7 8 
3 19 27 
1 7 9 
6 
1 3 8 38 
1 2 5 6 8 11
3 5 6 7 8 15
3 5 6 7 9 30 35 38
5 15
16 18
20 14
30 5
28 6
24 9
17 12
37 13
8 16
19 15
11 3
9 16
14 4
29 10
7 1
25 1
33 17
13 2
4 12
21 4
15 18
10 11
18 8
27 17
