4 5
1 2 5
40
53
8 6 7 7 8 7 4 6 7 3 5 7 2 7 6 7 7 7 3 7 4 4 3 8 1 7 8 8 3 6 7 8 5 3 7 3 8 7 4 2 7 5 7 3 6 1 1 2 7 6 4 7 5
1 3 4 6 7 10 21 32 
1 4 7 8 13 22 
1 2 6 7 13 17 18 
1 2 4 5 6 7 8 
2 3 7 8 17 21 28 32 
3 4 5 6 8 20 28 
2 5 6 8 
1 2 6 8 36 39 
1 3 4 6 8 18 30 
1 13 32 
5 7 8 18 29 
2 6 15 17 18 31 37 
6 35 
1 2 4 6 8 18 29 
1 2 4 6 7 8 
3 5 6 7 8 19 38 
1 4 5 6 7 8 20 
3 4 5 7 8 9 28 
1 8 12 
1 2 3 4 5 6 12 
1 3 15 19 
2 6 7 8 
1 8 34 
1 2 4 6 7 18 28 35 
21 
1 3 4 5 8 34 38 
1 3 4 5 7 8 13 17 
1 2 3 5 7 8 9 30 
1 12 20 
1 2 3 5 6 8 
4 6 8 14 17 35 39 
1 3 6 7 8 17 23 28 
6 7 8 21 27 
2 7 36 
3 4 7 8 13 14 36 
3 8 24 
2 3 4 5 7 8 29 32 
1 3 4 5 7 8 16 
3 4 8 39 
1 8 
1 3 4 6 8 18 36 
1 3 6 7 8 
1 2 6 7 8 13 33 
7 8 23 
1 5 7 8 19 34 
8 
36 
4 8 
1 2 4 5 6 7 8 
2 4 6 21 32 36 
2 6 8 9
2 4 5 6 7 8 22
3 4 6 7 8 
5 1
16 13
20 1
30 11
28 12
24 14
17 4
37 15
23 9
19 4
22 3
32 7
1 14
6 20
11 18
31 8
9 17
14 8
3 6
39 20
29 18
7 7
33 13
25 15
34 17
4 12
2 6
27 2
18 5
10 11
38 16
26 19
