4 5
1 2 5
40
203
2 4 5 8 4 3 4 7 5 8 8 5 4 6 7 6 4 5 8 2 8 7 7 5 7 3 8 4 5 3 4 3 3 2 8 5 5 8 6 6 6 7 7 8 6 5 5 8 7 8 3 7 3 7 8 4 5 6 7 8 8 2 8 8 5 3 1 5 4 7 7 8 6 5 6 6 6 5 4 1 6 5 8 3 8 8 1 8 2 8 6 7 5 5 6 8 7 6 2 5 7 6 8 8 4 1 8 4 3 2 5 8 5 3 7 3 4 6 7 3 8 5 6 2 6 3 4 5 5 4 1 4 4 3 7 7 8 5 5 8 5 3 5 8 6 7 7 7 4 6 8 7 7 8 1 4 2 2 7 4 6 5 6 2 7 6 7 8 6 4 8 8 5 7 1 6 4 7 4 3 8 4 4 8 2 3 5 8 8 4 3 3 8 2 5 8 3 2 5 7 4 4 7 
3 15 
3 7 8 36 
8 12 26 28 31 
1 2 3 5 6 8 12 34 
3 5 7 19 
2 12 22 
2 3 8 36 
1 4 5 6 7 8 38 
2 3 4 17 31 
1 2 3 6 7 10 17 38 
2 3 5 6 7 8 11 24 
2 6 8 11 23 
1 5 8 34 
1 3 4 7 8 32 
1 2 3 4 5 6 7 
1 2 3 6 8 12 
3 6 24 30 
1 8 16 31 36 
1 5 6 8 9 17 20 38 
1 3 
1 3 4 6 7 21 29 37 
2 3 4 5 8 25 33 
3 5 7 8 19 23 34 
1 3 5 8 16 
1 2 7 8 13 21 38 
3 4 33 
1 4 5 7 8 18 26 27 
8 15 16 22 
5 8 14 21 24 
4 7 24 
2 3 5 8 
2 8 9 
1 4 7 
8 34 
2 3 4 5 6 8 21 34 
1 2 3 6 8 
2 7 14 16 37 
1 4 5 8 11 14 26 33 
1 2 3 4 6 7 
2 5 7 8 30 36 
1 6 14 16 25 29 
2 3 4 13 18 23 37 
2 5 7 26 32 35 37 
1 4 5 6 8 21 26 34 
1 2 3 5 6 7 
5 15 17 24 32 
3 5 6 8 33 
1 3 4 7 8 10 12 29 
1 2 4 5 7 20 30 
1 2 3 5 6 7 8 28 
2 6 22 
3 5 7 15 17 25 35 
7 8 26 
2 6 8 19 31 36 38 
1 2 5 6 7 10 35 37 
2 6 8 12 
3 5 6 7 35 
4 5 7 16 24 26 
1 5 6 7 18 23 24 
1 5 6 9 11 16 27 38 
1 2 3 4 5 6 7 8 
28 30 
2 3 5 7 8 11 26 35 
1 2 4 10 14 20 25 32 
1 4 6 7 34 
1 2 3 
2 
2 3 5 6 21 
2 3 5 8 
2 4 5 6 9 12 29 
1 2 3 4 5 6 8 
2 3 4 8 24 31 33 34 
1 2 3 4 6 7 
1 3 6 8 30 
1 2 3 4 5 6 
3 6 7 8 29 33 
1 2 3 6 7 19 
1 2 5 23 29 
2 5 6 22 
36 
1 2 3 4 8 37 
4 6 7 32 35 
1 2 3 4 7 8 17 25 
4 7 23 
1 2 3 4 5 6 7 8 
1 2 3 6 7 8 14 37 
2 
1 3 5 6 7 8 20 34 
2 5 
1 2 3 4 6 20 28 38 
1 2 3 5 6 8 
2 3 4 5 6 7 8 
1 3 4 5 8 
1 4 18 25 37 
1 2 4 14 25 36 
2 4 6 7 8 11 14 22 
2 4 5 6 8 18 33 
1 2 3 7 8 21 
3 24 
2 5 7 20 21 
1 2 3 5 6 7 8 
1 3 5 6 7 8 
4 6 8 19 21 24 29 37 
1 2 3 4 5 7 8 13 
2 7 8 38 
1 
1 3 4 5 6 8 37 38 
1 3 4 5 
1 4 26 
1 16 
2 3 4 14 35 
1 3 4 5 6 7 8 30 
1 4 5 7 18 
2 8 25 
1 2 4 5 6 7 8 
2 5 13 
1 3 5 6 
1 3 6 8 11 26 
1 2 4 7 8 9 33 
6 19 37 
1 2 4 5 6 8 13 32 
1 2 3 5 15 
3 4 14 27 33 38 
2 29 
2 4 5 6 7 8 
4 8 34 
1 6 31 33 
2 3 6 20 36 
1 3 4 7 8 
1 3 7 8 
1 
3 7 24 37 
2 3 20 24 
2 5 28 
1 2 3 4 5 6 8 
1 2 3 5 7 8 38 
1 2 3 5 7 8 9 15 
6 10 17 29 33 
1 2 3 6 8 
1 2 3 5 6 7 8 26 
3 6 7 8 15 
1 16 22 
1 6 9 13 34 
1 2 4 8 9 13 24 28 
2 3 6 8 14 21 
1 2 3 4 6 7 14 
1 3 6 7 8 10 27 
1 2 4 5 7 33 37 
2 3 4 7 
1 3 5 6 7 33 
1 2 3 4 5 6 7 38 
1 3 4 7 16 17 29 
1 3 4 6 7 16 23 
1 2 4 5 7 8 18 38 
1 
1 6 7 8 
2 6 
6 34 
2 3 4 6 8 13 37 
4 7 8 35 
1 2 4 6 7 28 
1 4 5 7 17 
1 4 7 23 30 33 
1 36 
3 4 6 7 8 15 22 
1 4 6 8 9 37 
1 2 3 6 13 16 29 
5 6 7 8 15 20 26 36 
2 3 5 18 21 36 
2 3 5 32 
2 3 4 5 7 8 17 28 
1 2 3 4 6 8 30 34 
1 4 5 15 18 
1 2 4 6 7 15 27 
2 
1 4 6 7 13 28 
1 2 4 8 
1 4 5 8 9 20 24 
2 26 32 34 
2 5 21 
1 2 4 5 6 11 28 38 
5 17 29 38 
1 7 10 36 
1 4 5 6 7 19 20 32 
4 15 
25 27 34 
5 6 7 20 38 
1 2 4 5 6 7 24 28 
1 2 3 4 5 6 7 8 
2 4 6 37 
4 6 26 
1 5 19 
2 5 7 8 15 28 30 38 
7 36 
2 7 18 23 35 
3 4 6 7 11 15 19 23 
2 4 6 
8 15 
1 7 8 22 34 
2 3 4 5 6 8 10 
4 5 14 24
2 3 4 7
1 2 3 4 5 7 8
5 4
16 2
20 14
12 1
28 12
8 17
17 11
37 20
22 9
32 10
6 6
11 3
31 5
9 7
3 15
29 17
7 9
25 13
4 10
13 18
21 20
10 8
18 1
27 16
