4 5
1 2 5
40
201
1 8 6 6 5 6 2 6 4 2 3 1 5 1 8 4 4 6 8 6 7 4 3 4 4 3 3 4 6 8 6 7 7 6 4 1 8 5 7 8 4 5 6 6 4 6 3 6 6 6 7 3 5 7 3 3 6 7 4 4 4 5 5 3 4 8 2 5 8 7 5 4 2 8 4 6 8 2 5 8 1 7 7 8 3 2 8 6 3 4 7 8 1 2 2 6 5 1 1 3 7 8 2 7 4 7 8 4 7 3 3 6 5 6 6 6 8 8 2 6 2 3 5 5 5 5 3 3 8 5 5 8 2 4 3 1 8 5 4 8 6 2 7 4 5 4 3 1 8 7 8 5 3 3 3 8 2 6 1 5 8 6 7 1 7 7 6 4 7 5 7 6 3 5 3 7 7 8 2 5 8 3 2 2 3 6 7 4 7 3 6 4 5 5 1 8 6 7 2 7 2 
14 
1 2 3 4 5 6 7 8 
1 3 5 7 8 13 
1 4 5 7 8 9 
1 7 23 32 34 
1 5 7 8 24 25 
1 5 
2 5 7 13 14 17 
2 8 13 20 
1 2 
2 6 27 
2 
2 6 9 27 28 
26 
1 2 3 4 5 6 7 8 
1 5 7 19 
2 6 7 36 
1 6 7 20 30 38 
1 3 5 6 7 8 23 28 
3 5 7 17 22 34 
1 2 4 8 22 31 34 
2 4 7 8 
2 8 32 
2 7 8 30 
1 3 7 26 
1 4 13 
1 4 27 
5 7 8 10 
5 6 8 19 36 38 
1 3 5 6 7 17 20 22 
2 6 7 8 10 22 
2 3 4 5 7 8 10 
1 2 4 6 7 8 14 
4 6 8 17 19 33 
2 5 7 26 
1 
2 3 4 5 6 8 26 34 
4 7 16 24 29 
1 3 4 5 7 26 31 
2 4 5 6 7 8 12 36 
1 3 5 8 
2 5 6 7 28 
1 2 5 7 8 29 
1 3 4 5 6 26 
2 4 16 29 
3 9 15 22 23 25 
1 32 35 
2 4 5 6 7 36 
2 3 6 7 8 38 
1 2 4 6 7 8 
6 7 8 10 20 23 30 
1 4 8 
1 2 3 6 19 
1 2 3 5 6 7 21 
6 13 19 
2 5 6 
1 2 4 5 8 13 
2 3 4 5 7 27 29 
2 5 7 8 
1 3 20 22 
2 4 7 21 
1 2 3 4 8 
2 3 4 5 8 
6 19 28 
6 7 8 27 
1 3 4 5 7 8 21 34 
1 3 
1 2 5 6 26 
4 6 7 8 9 14 25 26 
1 3 4 5 6 10 14 
2 5 6 8 13 
2 4 8 9 
1 4 
3 5 7 8 10 14 18 32 
5 6 7 10 
2 3 4 6 8 11 
2 3 4 7 8 18 21 38 
2 3 
6 7 8 26 27 
2 4 5 6 8 15 17 21 
22 
1 3 5 6 11 21 29 
2 3 6 8 16 22 28 
1 2 4 5 6 8 16 23 
2 3 7 
7 29 
1 3 4 5 8 20 24 35 
1 3 4 6 30 34 
1 3 12 
2 5 25 38 
2 3 4 5 6 7 33 
2 3 4 6 7 8 19 22 
2 
2 6 
11 29 
1 2 3 4 6 14 
1 5 6 7 19 
1 
18 
2 4 8 
1 3 4 5 6 7 16 
2 3 4 5 6 7 12 26 
2 4 
2 4 5 6 7 8 13 
2 4 6 8 
1 6 8 18 19 21 22 
1 2 3 11 12 13 16 23 
2 3 5 6 
1 2 3 4 5 7 23 
4 6 10 
1 3 8 
1 2 3 5 6 7 
1 7 11 12 38 
1 2 3 4 6 7 
2 4 6 7 8 31 
1 2 3 5 6 8 
2 3 5 6 7 8 23 36 
1 2 3 5 7 8 17 32 
1 5 
2 3 4 5 7 8 
30 34 
8 34 38 
2 3 4 5 8 
3 4 7 26 33 
1 6 7 19 30 
3 5 19 24 38 
1 7 18 
6 14 21 
2 3 4 5 6 7 8 12 
2 6 7 18 31 
1 2 3 4 6 
1 3 4 8 14 23 25 27 
2 33 
2 4 6 16 
2 8 18 
27 
1 2 3 4 6 7 8 33 
2 3 22 23 26 
4 6 8 19 
2 4 6 7 8 30 31 33 
1 2 5 8 20 25 
29 35 
2 3 4 6 14 17 20 
1 2 7 26 
2 3 7 27 30 
1 6 8 23 
2 4 27 
11 
3 4 5 7 8 11 23 25 
1 2 3 5 7 22 34 
2 3 4 5 6 7 20 21 
1 2 3 5 15 
5 10 36 
5 28 34 
2 3 7 
1 2 3 4 5 6 7 8 
2 37 
1 6 23 25 30 36 
2 
2 5 7 8 10 
1 2 3 4 5 8 37 38 
1 2 8 27 29 34 
2 5 6 8 13 27 35 
1 
2 4 5 6 7 17 18 
4 5 7 17 18 21 33 
2 5 6 8 28 29 
2 8 22 24 
1 6 7 20 21 36 37 
1 2 8 9 16 
1 2 3 4 19 23 28 
2 3 4 5 6 8 
1 5 30 
1 5 13 27 36 
1 3 7 
1 2 3 4 6 7 34 
1 2 6 7 8 27 35 
1 2 4 5 6 7 14 29 
2 3 
2 3 5 8 10 
1 2 4 5 6 7 8 11 
1 9 30 
2 24 
1 9 
1 4 22 
1 2 3 4 8 21 
1 3 4 7 12 14 31 
2 7 15 38 
2 4 6 7 8 14 24 
1 7 8 
2 3 4 7 18 36 
3 8 24 28 
1 2 5 7 27 
2 3 5 6 7 
19 
1 4 5 6 7 8 19 20 
2 3 6 8 22 27 
3 4 6 7 8 26 37 
1 16 
3 5 8 11 17 24 28 
7 27
5 11
35 6
16 14
12 15
30 3
28 9
8 12
17 5
37 5
23 15
32 19
6 7
36 18
9 1
31 18
3 16
7 12
25 9
33 19
4 2
13 7
15 17
21 20
38 6
