4 5
1 2 5
40
203
5 4 4 6 3 6 6 3 6 7 6 6 2 7 2 7 8 2 4 1 8 7 8 1 6 3 6 5 7 4 2 3 5 3 4 3 4 3 8 8 1 7 2 3 7 1 6 8 3 7 4 2 6 4 4 6 5 2 6 6 6 7 4 8 4 4 6 4 4 6 4 4 3 5 7 5 3 3 5 8 1 5 7 4 6 7 3 4 8 7 2 8 4 8 3 8 2 2 5 3 6 2 5 5 2 7 5 8 6 6 6 3 8 5 7 8 3 8 1 3 3 3 6 3 4 6 5 6 5 7 4 2 7 1 6 7 8 4 6 2 5 7 5 7 7 5 7 8 8 5 5 4 4 7 1 4 1 2 3 4 8 7 2 4 3 8 8 2 5 1 7 6 7 4 3 4 5 4 7 7 8 3 5 7 4 7 6 7 5 3 8 8 5 8 6 6 6 5 8 2 5 4 2 
1 6 8 24 37 
7 8 13 19 
6 7 8 28 
2 3 4 5 6 34 
6 19 35 
1 4 8 11 17 23 
1 2 3 4 6 27 
2 4 5 
2 5 6 7 19 33 
1 2 3 5 6 7 13 
1 2 4 5 24 37 
3 4 5 7 22 31 
3 6 
1 3 4 5 6 8 25 
5 8 
2 3 5 7 8 16 22 
2 3 4 6 8 9 12 14 
8 31 
5 8 33 38 
8 
1 2 4 5 6 8 17 30 
1 2 5 6 7 11 29 
1 2 4 5 6 7 8 32 
8 
1 2 4 5 8 27 
5 6 14 
2 3 4 8 14 38 
4 5 14 17 27 
1 2 3 6 7 16 36 
6 7 8 27 
15 32 
7 8 17 
1 2 4 8 26 
2 6 18 
1 6 24 35 
2 7 28 
1 3 4 5 
1 8 32 
2 3 4 5 7 19 26 37 
2 3 4 7 8 16 19 31 
6 
1 2 3 4 5 6 7 
9 36 
2 4 6 
2 4 12 21 25 27 33 
8 
2 5 7 8 24 35 
1 2 3 5 6 7 14 30 
2 3 6 
2 4 5 6 8 22 37 
2 5 8 20 
6 7 
1 3 4 7 8 11 
2 3 6 31 
1 3 4 5 
2 3 4 7 8 27 
1 2 4 8 15 
5 6 
1 6 7 8 32 38 
4 6 7 18 24 36 
1 2 4 6 7 38 
3 4 6 7 21 24 25 
2 3 4 7 
1 2 3 5 6 8 19 37 
1 4 20 29 
2 4 17 28 
2 4 5 6 7 15 
3 4 7 38 
6 8 14 22 
1 2 4 6 10 20 
3 7 8 29 
4 5 7 12 
1 5 8 
2 4 5 7 37 
3 4 6 7 8 27 33 
1 4 8 17 23 
6 7 28 
2 3 8 
1 4 7 8 10 
2 3 4 5 6 8 28 33 
6 
1 2 4 6 7 
4 6 7 8 21 25 28 
4 6 22 35 
1 4 5 6 8 20 
2 3 6 7 13 29 30 
4 6 20 
4 8 16 27 
5 14 16 19 21 24 28 34 
2 3 4 5 7 11 25 
4 8 
2 4 5 8 18 19 33 34 
2 3 7 8 
1 2 3 5 6 12 15 17 
2 4 7 
2 3 4 5 6 7 8 32 
4 6 
6 33 
1 2 3 8 11 
6 7 37 
2 4 8 14 22 28 
6 16 
3 4 5 6 38 
1 2 4 5 21 
1 28 
1 3 4 5 7 17 25 
2 5 13 18 29 
1 2 4 5 6 7 20 23 
4 5 7 8 19 21 
1 2 4 22 25 38 
6 7 8 29 31 35 
3 6 12 
1 2 3 4 5 6 7 8 
2 4 6 7 11 
1 2 3 4 5 6 35 
1 2 3 4 7 8 10 13 
2 4 24 
1 4 6 7 8 19 23 32 
28 
2 6 29 
3 4 24 
2 4 7 
1 2 3 6 7 38 
4 25 30 
6 7 22 26 
2 4 6 17 19 24 
1 3 5 6 19 
2 3 4 5 6 21 
3 7 8 23 35 
2 3 5 6 8 9 12 
1 6 8 18 
1 8 
1 3 4 7 20 21 37 
4 
1 2 4 5 6 30 
1 3 4 5 7 8 25 
6 7 9 16 18 25 30 33 
1 2 7 8 
1 2 6 10 24 30 
2 4 
3 7 8 35 38 
1 2 3 4 6 7 35 
1 3 4 5 6 
2 3 5 6 7 8 29 
1 2 3 5 7 12 28 
1 2 4 7 22 
1 3 5 6 7 8 32 
1 2 4 5 7 8 9 32 
1 2 3 4 5 6 7 8 
2 4 6 7 20 
2 3 7 8 33 
1 5 8 24 
1 7 8 15 
1 2 3 4 18 24 26 
4 
2 4 6 7 
6 
4 8 
4 8 21 
4 5 7 25 
1 2 3 4 5 6 7 8 
1 2 5 6 7 19 36 
2 6 
3 4 5 20 
6 30 36 
1 4 5 6 7 8 25 28 
1 3 4 5 7 8 20 27 
4 38 
1 2 4 5 8 
28 
1 2 4 5 7 13 23 
1 3 4 6 7 11 
2 3 4 5 7 8 25 
1 2 3 6 
4 6 27 
2 3 4 6 
1 5 6 7 13 
6 8 17 23 
1 4 6 7 8 30 33 
1 2 4 6 7 8 37 
1 2 3 5 7 8 12 28 
17 27 38 
1 2 3 6 7 
1 2 5 6 7 8 29 
3 6 8 36 
2 3 5 7 8 15 31 
2 4 6 22 26 37 
1 3 5 8 17 18 25 
1 2 4 7 36 
3 4 7 
1 2 3 4 5 6 15 20 
1 2 3 5 6 7 8 12 
5 7 8 25 34 
1 5 6 7 8 9 11 21 
1 2 3 6 8 35 
1 2 3 4 6 7 
2 3 5 6 8 27 
3 4 6 8 35 
1 2 4 5 7 8 21 25 
7 8 
3 5 6 7 9
1 6 7 36
4 21
5 20
35 14
20 5
16 17
12 10
30 3
24 8
17 8
37 2
1 5
23 11
32 4
22 19
11 17
36 7
31 15
14 18
3 9
7 12
25 7
33 15
34 3
21 6
2 6
10 20
38 9
18 16
26 18
