4 5
1 2 5
40
105
6 3 6 4 5 5 4 4 2 7 4 6 4 4 7 6 6 1 2 5 3 7 1 7 6 1 1 5 4 8 4 5 3 8 4 6 8 6 5 8 8 6 5 8 4 5 7 4 8 5 3 7 2 6 4 4 3 6 5 7 2 5 6 8 6 3 1 5 8 6 5 2 4 3 7 4 8 4 2 8 7 4 3 7 7 2 7 7 2 6 5 7 8 1 5 4 6 8 7 7 5 7 5 6 5
1 3 8 11 15 27 
5 7 16 
1 3 4 8 24 28 
5 6 29 38 
12 16 17 19 26 
1 6 7 8 32 
3 6 12 22 
4 7 8 23 
4 5 
2 4 8 10 22 23 27 
3 5 7 28 
4 5 8 13 17 25 
1 2 10 34 
1 5 8 21 
1 3 4 5 6 7 11 
1 2 3 4 5 6 
2 3 4 6 7 8 
8 
5 7 
1 3 4 5 6 
7 8 28 
1 3 5 6 8 9 34 
8 
1 3 4 7 8 12 18 
2 3 4 5 6 7 
5 
5 
7 8 25 27 36 
1 2 4 8 
2 4 8 13 19 20 22 29 
2 4 8 20 
1 2 3 7 8 
2 7 9 
1 2 3 5 6 7 8 25 
1 3 5 7 
1 4 5 8 15 26 
2 3 4 5 8 23 26 29 
3 5 8 10 15 16 
2 5 7 8 30 
1 3 4 5 6 8 20 30 
1 2 3 5 7 8 20 26 
1 2 4 5 6 7 
2 3 22 28 31 
1 2 5 7 10 13 15 33 
1 2 3 8 
3 6 8 11 31 
1 2 3 4 8 9 27 
1 2 7 18 
1 2 3 4 5 6 7 17 
1 2 22 33 36 
5 6 36 
3 4 5 8 16 20 28 
1 9 
1 3 5 8 15 33 
3 6 7 17 
2 8 17 20 
1 2 5 
1 2 5 7 8 25 
4 5 6 9 26 
2 3 4 5 7 8 20 
5 6 
1 3 5 6 8 
2 5 6 7 19 29 
1 2 5 7 8 12 14 30 
4 5 6 7 8 30 
6 8 12 
5 
6 8 13 23 27 
4 5 6 7 8 18 20 27 
1 2 4 6 8 15 
2 5 12 13 30 
4 8 
4 5 8 12 
3 8 11 
1 3 4 5 7 8 24 
5 6 8 20 
1 2 3 4 5 6 7 36 
3 6 7 8 
4 8 
1 3 5 6 8 13 15 23 
1 2 3 7 8 26 33 
1 2 6 8 
5 7 10 
1 4 5 7 8 11 29 
1 2 4 6 7 8 24 
32 38 
1 2 3 6 7 8 23 
1 2 3 4 5 6 8 
8 21 
1 5 7 8 13 33 
6 8 9 12 17 
1 5 8 19 23 33 34 
1 2 3 4 5 6 7 8 
18 
3 4 6 7 8 
4 7 8 14 
1 5 6 7 10 14 
1 3 4 5 6 7 8 32 
6 7 8 24 27 31 35 
1 2 4 5 6 8 35 
1 3 4 5 8
1 2 3 4 5 14 23
3 4 5 7 38
2 3 4 5 8 16
1 2 6 8 14
16 5
35 8
20 8
12 6
24 1
28 5
37 7
1 20
19 9
32 17
6 12
11 17
36 20
31 7
14 15
3 16
29 14
33 12
25 4
7 16
34 19
4 10
15 9
21 10
2 13
27 3
13 18
26 18
