4 5
1 2 5
40
104
8 8 4 3 8 8 6 7 5 5 6 8 7 6 2 2 5 7 6 8 8 4 8 3 5 8 3 7 3 6 7 3 8 5 2 8 6 3 5 5 2 4 2 4 4 3 3 7 7 5 8 5 5 2 8 5 3 5 6 8 6 7 7 7 4 8 7 7 8 4 2 2 7 4 6 6 7 6 7 8 6 4 8 8 2 2 7 1 4 7 1 4 3 8 4 8 3 5 8 8 5 4 3 3
2 4 6 7 20 22 27 28 
1 2 4 5 6 7 8 36 
2 4 8 13 
7 8 38 
1 2 3 4 6 7 8 11 
1 2 3 4 6 20 28 38 
1 2 3 5 6 8 
2 3 4 5 6 7 8 
1 3 4 5 8 
3 6 8 25 37 
1 2 4 14 25 36 
2 4 6 7 8 11 14 22 
2 4 5 6 8 18 33 
1 2 3 7 8 21 
3 24 
6 8 
2 5 7 20 21 
1 2 3 5 6 7 8 
1 3 5 6 7 8 
4 6 8 19 21 24 29 37 
1 2 3 4 5 7 8 13 
2 7 8 38 
1 3 4 5 6 8 37 38 
1 4 26 
2 3 4 14 35 
1 3 4 5 6 7 8 30 
2 8 25 
1 2 4 5 6 7 8 
2 5 13 
1 3 6 8 11 26 
1 2 4 7 8 9 33 
6 19 37 
1 2 4 5 6 8 13 32 
1 2 3 5 15 
2 29 
3 4 5 7 8 11 18 27 
2 4 5 6 7 8 
4 8 34 
2 3 6 20 36 
1 3 4 7 8 
8 12 
1 3 7 8 
8 13 
3 7 24 37 
2 3 20 24 
2 5 28 
3 5 8 
1 2 3 4 5 6 8 
1 2 3 5 7 8 38 
4 6 7 8 27 
1 2 3 5 7 8 9 15 
6 10 17 29 33 
1 2 3 6 8 
5 8 
1 2 3 5 6 7 8 26 
3 6 7 8 15 
1 16 22 
1 6 9 13 34 
3 4 5 18 29 32 
1 2 4 8 9 13 24 28 
2 3 6 8 14 21 
1 2 3 4 6 7 14 
1 3 6 7 8 10 27 
1 2 4 5 7 33 37 
2 3 4 7 
1 2 3 4 5 6 7 38 
1 3 4 7 16 17 29 
1 3 4 6 7 16 23 
1 2 4 5 7 8 18 38 
1 6 7 8 
2 6 
6 34 
2 3 4 6 8 13 37 
4 7 8 35 
1 2 4 6 7 28 
1 4 7 23 30 33 
3 4 6 7 8 15 22 
1 4 6 8 9 37 
1 2 3 6 13 16 29 
5 6 7 8 15 20 26 36 
2 3 5 18 21 36 
2 3 5 32 
2 3 4 5 7 8 17 28 
1 2 3 4 6 8 30 34 
7 8 
8 27 
1 2 4 6 7 15 27 
2 
1 2 4 8 
1 4 5 8 9 20 24 
8 
2 26 32 34 
2 5 21 
1 2 4 5 6 11 28 38 
5 17 29 38 
1 4 5 6 7 19 20 32 
25 27 34 
5 6 7 20 38 
1 2 4 5 6 7 24 28 
1 2 3 4 5 6 7 8 
4 6 7 8 17
2 4 6 37
4 6 26
1 5 19
5 20
35 13
16 16
12 8
30 15
28 10
17 1
37 5
1 18
32 6
6 7
11 3
36 18
31 2
9 19
14 17
3 6
7 14
25 4
33 14
13 9
4 10
21 2
15 17
27 4
18 5
38 7
10 12
