4 5
1 2 5
40
201
4 5 5 6 7 4 5 4 4 3 4 7 6 5 5 6 8 5 2 7 6 5 1 8 1 5 7 3 8 1 5 8 2 3 4 3 4 7 6 8 4 4 8 1 6 6 5 4 6 1 7 6 6 7 3 1 7 7 7 2 1 8 6 2 7 3 3 4 6 3 6 7 4 5 6 6 7 5 7 6 4 1 4 8 4 3 7 1 8 1 6 3 4 8 2 8 5 5 8 6 2 5 1 7 7 4 4 4 7 7 6 8 2 5 5 4 2 4 4 6 6 5 4 8 7 8 6 6 4 4 2 3 1 8 7 6 4 6 6 8 5 4 2 7 1 4 1 5 1 7 2 1 5 3 4 2 4 6 7 7 7 5 8 7 6 3 3 7 4 3 7 5 7 1 4 3 4 1 1 2 7 4 8 3 1 6 7 2 1 8 3 1 7 2 8 8 3 5 3 8 5 
2 4 8 23 
1 2 3 5 6 
1 2 5 6 7 
3 4 5 6 7 8 
1 4 6 7 8 35 38 
2 3 4 5 
1 4 6 7 9 
1 7 14 32 
6 8 11 30 
2 3 6 
2 5 6 8 
3 4 5 6 7 8 32 
4 6 17 18 28 39 
1 3 5 6 7 
2 3 4 8 24 
2 4 5 7 8 20 
1 3 5 6 13 17 26 35 
1 4 5 6 32 
7 28 
2 3 4 5 6 11 17 
1 5 6 7 24 37 
2 3 7 16 24 
2 
1 2 3 4 15 29 31 36 
7 
1 6 7 16 19 
1 5 6 7 8 9 32 
2 16 33 
1 2 4 5 6 8 10 18 
30 
1 4 5 8 26 
1 2 3 5 6 7 8 15 
2 6 
7 8 33 
4 7 8 29 
7 8 32 
1 3 4 5 
1 3 4 6 7 8 20 
1 3 8 12 27 35 
2 3 4 5 6 7 8 10 
1 3 7 39 
3 4 5 12 
1 3 4 5 6 7 8 27 
7 
1 3 4 7 8 11 
1 3 6 7 8 13 
1 2 4 8 10 
2 3 5 22 
1 4 5 6 7 24 
30 
1 2 4 5 6 8 35 
2 3 5 7 8 32 
1 6 8 10 14 30 
1 2 4 5 6 7 13 
4 5 23 
5 
1 2 4 5 6 7 8 
1 5 6 7 8 20 34 
1 2 4 5 7 8 26 
2 28 
2 
1 2 3 4 5 6 7 8 
2 4 5 7 20 24 
7 9 
1 6 7 8 9 12 26 
2 4 18 
4 6 35 
2 3 5 12 
3 5 6 7 8 34 
5 8 21 
1 2 4 6 8 39 
1 2 3 4 6 12 15 
1 4 7 29 
2 3 8 24 36 
2 4 5 6 7 8 
1 4 5 6 7 8 
2 3 4 5 6 8 37 
4 6 7 8 15 
2 3 4 5 6 8 39 
3 4 6 7 8 21 
3 19 21 35 
5 
4 7 24 38 
1 2 3 4 5 6 7 8 
4 7 8 34 
2 4 5 
2 6 13 21 27 35 39 
2 
2 3 4 5 6 7 8 33 
7 
1 3 4 7 26 39 
1 2 35 
1 2 4 5 
1 5 6 7 8 17 24 27 
5 7 
1 2 5 7 8 14 15 28 
3 4 7 16 24 
3 5 6 7 8 
2 3 4 5 6 8 11 14 
1 3 5 7 34 36 
2 39 
1 2 4 7 35 
30 
1 3 4 5 6 24 37 
1 3 5 6 7 13 29 
1 3 5 7 
5 6 22 31 
1 2 5 7 
1 2 3 4 5 6 8 
1 2 3 5 11 34 37 
2 3 4 5 9 39 
1 2 3 4 5 6 14 30 
5 16 
1 6 7 26 34 
2 4 8 20 31 
8 15 17 19 
2 11 
3 6 7 8 
2 3 7 19 
1 2 3 4 6 7 
2 3 4 6 7 30 
1 2 5 6 24 
6 7 8 26 
1 3 5 6 8 13 14 35 
2 3 4 5 6 17 37 
2 3 5 6 7 10 28 36 
1 2 5 8 24 28 
2 4 5 6 8 33 
5 7 23 28 
1 3 4 7 
7 14 
5 7 17 
7 
3 4 6 7 8 19 21 39 
2 3 6 7 16 29 38 
3 4 5 6 27 32 
3 5 6 8 
1 2 3 4 5 8 
1 4 6 7 8 28 
1 2 3 4 5 6 7 8 
1 6 7 13 30 
1 3 4 7 
2 16 
1 3 4 5 8 21 33 
7 
2 4 5 7 
7 
3 7 8 18 33 
2 
1 3 6 7 10 33 39 
2 6 
30 
1 2 4 6 15 
2 16 32 
2 4 12 19 
14 31 
4 5 6 34 
2 4 6 7 8 29 
1 2 3 4 20 21 25 
1 2 4 6 7 8 19 
2 3 4 5 7 19 23 
1 2 5 6 7 
2 3 4 5 7 20 38 39 
4 5 6 8 10 12 26 
1 5 6 7 8 30 
1 4 5 
5 7 35 
1 2 3 4 5 8 30 
2 3 9 39 
1 2 4 
1 2 5 7 8 25 36 
3 6 7 8 17 
7 8 19 23 26 29 39 
7 
2 3 5 7 
2 3 7 
1 2 4 6 
5 
7 
6 7 
2 5 7 10 13 21 31 
2 4 5 11 
1 2 4 6 7 8 16 39 
3 5 32 
7 
1 4 6 7 8 13 
2 3 4 6 8 15 24 
6 7 
2 
1 4 6 7 8 13 30 35 
1 4 5 
5 
1 2 3 4 5 8 10 
1 30 
2 4 5 6 7 8 31 39 
1 2 3 5 6 8 20 22 
3 7 31 
5 6 7 8 38 
6 7 26 
1 3 4 5 6 9 31 38 
1 2 3 27 38
16 11
20 7
12 16
24 18
28 12
8 20
37 12
23 2
19 8
32 7
1 4
6 15
22 16
11 20
36 4
31 1
9 10
3 2
39 5
29 13
33 9
25 18
34 3
4 14
15 14
13 17
21 17
10 3
27 8
18 9
38 11
26 13
