4 5
1 2 5
40
201
2 7 4 7 4 1 7 7 7 6 3 5 7 8 3 5 2 6 2 8 7 7 7 8 8 5 6 4 3 7 7 2 3 4 6 3 8 1 2 7 4 4 5 4 3 3 3 8 3 6 8 5 6 2 2 3 8 2 3 6 4 5 7 7 6 8 4 7 5 7 7 3 6 7 7 5 8 4 4 2 4 5 2 7 5 7 1 7 4 5 8 6 8 8 7 8 6 8 8 8 4 5 6 5 4 4 6 8 8 4 3 6 8 5 6 7 8 3 8 7 5 4 6 7 5 8 4 8 8 4 3 8 6 6 6 2 6 3 8 8 6 6 2 3 8 3 7 2 5 5 7 6 7 7 6 3 4 3 1 5 5 6 5 8 8 7 7 3 8 6 1 6 1 8 4 3 6 8 5 6 8 6 4 4 1 8 3 5 8 7 6 8 8 5 5 5 2 7 8 7 7
4 28 
3 5 6 25 29 33 36 
5 7 8 15 
3 4 5 8 16 32 35 
1 5 6 8 
30 
2 4 5 9 17 20 27 
1 2 3 7 8 30 35 
1 2 3 7 8 14 22 
1 3 5 6 7 28 
7 14 28 
2 3 4 9 14 
4 5 6 16 17 25 33 
3 4 5 6 7 8 13 18 
4 7 8 
1 7 8 10 22 
8 10 
3 4 7 20 31 35 
2 19 
5 6 7 8 19 27 31 35 
1 2 3 4 5 6 7 
1 4 5 6 8 27 28 
1 3 4 9 16 28 29 
3 4 5 7 15 21 22 23 
1 2 3 4 5 6 7 8 
1 4 6 31 35 
3 5 7 12 33 36 
1 2 5 14 
2 3 4 
1 2 3 5 6 8 9 
2 3 5 8 29 32 34 
7 28 
2 6 10 
2 3 7 8 
1 2 3 4 5 37 
3 4 8 
1 2 3 4 5 8 32 37 
8 
14 36 
1 2 3 4 5 17 18 
4 6 7 8 
1 2 4 34 
2 5 8 14 27 
1 4 7 26 
4 12 28 
1 3 4 
7 10 34 
2 4 5 10 12 21 24 38 
3 4 6 
2 3 4 7 16 20 
1 2 4 7 8 12 13 30 
2 5 6 19 31 
4 5 6 18 29 37 
35 36 
4 7 
6 8 34 
1 3 4 6 7 22 33 37 
3 8 
2 4 5 
1 2 3 4 5 8 
2 5 13 14 
2 5 14 26 27 
1 2 3 4 5 6 8 
1 2 5 6 8 9 27 
1 2 4 17 28 35 
1 2 3 4 5 6 7 8 
1 7 8 26 
1 5 6 7 8 15 37 
5 7 20 26 28 
5 8 11 17 26 30 35 
1 3 4 8 25 26 30 
4 5 6 
2 4 6 12 13 37 
1 3 4 5 6 21 35 
2 3 6 8 18 27 36 
1 3 4 5 31 
1 3 5 8 12 19 21 29 
1 2 4 8 
4 6 16 22 
4 6 
7 20 23 31 
4 5 20 27 31 
4 7 
1 3 7 8 13 26 32 
1 5 19 25 27 
2 4 5 6 7 29 36 
4 
3 4 6 12 16 17 34 
3 4 17 35 
2 6 14 33 35 
1 3 4 5 6 7 8 27 
1 2 3 7 8 23 
1 2 4 5 6 7 8 34 
4 5 6 7 17 22 26 27 
1 3 4 5 7 13 19 
1 2 5 8 12 14 27 38 
2 3 5 6 10 24 
1 3 4 5 8 15 18 38 
1 3 4 5 6 7 8 30 
3 4 5 9 19 21 29 35 
2 5 26 28 
1 4 7 35 36 
1 2 3 8 14 34 
1 2 5 7 36 
5 10 29 38 
3 7 15 27 
3 4 5 6 7 33 
1 2 4 5 6 7 21 34 
1 2 3 5 6 7 8 9 
1 2 4 15 
1 7 8 
3 4 5 6 7 23 
3 4 7 8 11 15 19 29 
1 4 7 8 23 
2 3 4 5 7 8 
2 3 4 5 6 8 24 
1 5 7 8 9 12 36 38 
3 8 21 
1 2 3 6 7 8 18 28 
2 4 5 8 12 15 22 
1 6 10 17 25 
3 4 6 7 
6 8 16 20 25 29 
2 3 4 7 11 14 33 
1 5 6 16 23 
1 2 3 4 5 6 7 27 
2 4 6 8 
1 2 3 4 5 6 7 8 
1 2 3 5 7 8 25 35 
1 4 7 27 
6 8 22 
2 3 4 5 6 7 8 10 
1 4 5 7 8 11 
2 3 4 7 8 29 
1 2 4 6 8 35 
12 30 
2 3 5 6 8 18 
1 8 32 
1 3 4 6 7 8 16 24 
3 4 7 8 21 22 24 25 
4 6 7 14 16 27 
3 4 7 12 17 31 
8 12 
2 3 8 
1 2 3 6 7 8 10 12 
3 8 25 
4 5 6 7 8 12 36 
23 33 
1 2 6 7 8 
2 3 4 6 33 
1 3 4 5 6 7 28 
1 5 6 7 8 17 
1 2 3 4 6 8 20 
1 3 4 5 6 7 15 
3 4 6 14 16 23 
6 14 19 
2 6 7 8 
5 8 24 
8 
1 3 5 7 28 
1 2 6 8 23 
1 2 5 7 8 29 
1 3 6 14 35 
1 2 3 4 6 7 8 35 
1 2 3 4 5 6 8 38 
1 4 5 6 8 26 31 
1 3 6 7 8 12 32 
3 8 25 
1 2 3 4 28 31 33 34 
1 2 3 4 5 7 
14 
1 2 4 8 20 36 
8 
2 3 4 5 6 7 8 30 
1 10 12 36 
1 6 19 
1 2 8 26 28 38 
4 5 7 9 10 11 30 38 
1 3 8 32 34 
1 4 5 7 8 34 
2 3 4 5 6 7 8 19 
2 5 7 8 14 21 
4 6 7 15 
2 4 5 6 
4 
1 2 4 6 8 13 15 37 
5 7 8 
3 4 5 6 8 
1 2 4 5 7 20 21 30 
2 3 4 7 24 35 38 
3 6 7 8 31 33 
1 3 4 6 7 14 27 35 
3 5 8 13 16 25 27 32 
3 4 10 24 29 
1 3 4 6 18 
2 3 4 7 8 
23 30 
2 3 4 7 8 9 21 
1 3 4 5 6 7 20 35 
1 3 4 6 7 8 11 
1 3 4 6 7 8 26
5 12
35 7
20 3
16 15
12 10
24 12
17 2
37 16
1 5
32 7
22 20
6 13
11 11
9 1
31 13
3 9
29 1
7 5
25 2
33 10
34 8
13 4
21 17
2 8
27 15
18 18
26 16
38 19
