4 5
1 2 5
40
202
7 6 1 3 2 6 4 1 3 8 7 7 4 6 4 8 3 6 2 7 8 5 5 4 8 5 2 6 8 3 2 7 5 8 5 4 6 5 5 6 6 3 8 7 6 3 5 2 4 3 4 1 6 6 7 4 7 2 7 6 7 7 8 8 2 8 6 8 6 4 7 5 7 6 8 7 8 5 4 5 8 3 7 8 5 4 5 6 1 6 5 6 7 4 6 8 1 7 5 8 5 3 5 7 7 5 7 3 6 6 3 7 4 7 7 5 6 6 8 5 6 4 8 8 7 7 2 2 4 8 7 5 7 6 2 6 2 3 6 7 2 4 5 7 5 7 5 8 6 4 8 6 6 6 8 7 5 7 7 3 6 7 7 2 7 8 2 6 8 7 8 2 4 8 7 8 7 6 8 3 8 7 6 8 2 6 8 5 7 3 5 3 7 6 3 6 6 7 7 6 2 7
1 3 4 5 6 9 13 
3 4 5 6 13 26 
36 
1 9 30 
1 9 
2 3 4 7 18 36 
3 8 24 28 
19 
5 7 28 
1 4 5 6 7 8 19 20 
3 4 6 7 8 26 37 
3 5 8 11 17 24 28 
5 6 7 28 
1 2 5 8 25 34 
4 26 27 35 
2 3 5 6 7 14 28 37 
2 8 32 
2 3 4 7 9 38 
9 20 
1 2 4 5 6 7 20 
2 5 6 7 8 9 12 15 
1 2 3 8 13 
2 4 7 9 14 
3 5 13 24 
3 4 5 6 8 15 28 35 
1 2 8 25 33 
6 32 
4 5 7 8 13 15 
1 2 4 5 6 8 28 32 
1 13 23 
5 32 
1 2 3 5 6 8 9 
1 3 4 7 19 
1 2 3 5 6 8 9 19 
1 6 7 9 29 
1 2 35 37 
1 5 7 8 19 31 
5 6 8 19 33 
3 6 8 11 36 
1 2 5 8 12 25 
3 4 5 7 8 28 
1 4 20 
1 2 4 5 6 7 8 37 
1 3 4 5 6 23 36 
1 5 6 32 33 38 
6 8 37 
1 5 6 7 9 
9 26 
1 4 8 26 
2 4 9 
5 6 12 13 
28 
5 8 16 20 27 38 
3 4 6 7 8 20 
1 2 3 5 7 12 20 
3 6 7 28 
2 3 5 7 13 18 21 
6 20 
1 2 3 6 10 34 37 
4 5 6 7 19 28 
1 2 3 6 7 26 35 
2 3 4 5 25 27 37 
1 2 3 4 5 6 13 30 
2 3 5 6 12 30 31 32 
28 37 
1 2 3 4 9 14 26 29 
2 6 20 22 24 34 
1 2 5 6 26 32 35 36 
1 3 6 8 30 36 
4 5 8 9 
5 6 7 8 12 32 35 
1 3 6 7 28 
1 3 7 8 16 30 37 
1 3 4 5 6 9 
1 2 4 6 8 19 25 27 
3 4 6 7 8 9 15 
2 5 7 8 14 32 35 36 
1 4 5 18 37 
1 2 4 37 
3 7 22 28 36 
1 3 4 5 7 9 23 30 
1 9 33 
1 2 4 6 7 8 19 
1 3 5 7 8 30 34 36 
2 3 7 16 37 
1 3 5 19 
7 8 20 21 34 
3 4 7 16 35 37 
26 
4 5 6 9 21 26 
3 5 6 19 28 
3 6 8 29 30 32 
2 3 4 5 7 8 32 
5 9 23 27 
1 3 5 8 14 26 
2 3 4 6 7 20 28 29 
9 
1 2 3 7 13 18 27 
1 2 3 8 36 
2 4 6 7 8 14 18 36 
1 7 8 17 37 
14 16 25 
2 4 6 13 29 
4 6 9 20 25 35 37 
3 4 6 7 9 15 29 
2 3 8 28 31 
1 2 4 7 11 12 32 
4 7 13 
2 4 8 13 20 35 
3 4 5 6 7 26 
6 18 20 
2 3 4 8 13 22 29 
1 5 6 37 
2 3 6 7 19 33 38 
1 2 3 4 15 26 35 
4 7 8 26 32 
1 3 4 6 37 38 
2 5 7 8 21 37 
1 2 4 6 7 16 17 28 
4 6 8 19 25 
1 2 3 6 19 21 
1 5 19 29 
4 8 9 15 27 30 32 38 
3 4 5 7 18 26 27 31 
1 2 3 5 7 8 26 
1 4 6 8 19 23 29 
2 26 
2 37 
1 3 20 38 
2 3 5 19 27 29 35 36 
2 4 5 6 7 8 9 
2 6 8 25 34 
1 3 4 11 18 21 32 
2 3 18 23 24 36 
7 28 
2 6 8 20 28 36 
5 36 
17 19 31 
10 14 18 23 36 37 
1 4 5 8 13 24 38 
15 28 
1 7 8 36 
2 3 4 5 36 
1 2 5 6 7 8 37 
1 2 4 5 13 
1 2 4 6 7 22 25 
2 11 20 21 36 
1 4 8 10 11 19 22 26 
1 4 5 6 20 36 
7 8 19 35 
1 2 3 6 8 9 10 26 
2 4 5 6 25 36 
4 7 8 18 20 34 
2 4 5 7 13 27 
2 4 7 8 18 20 24 34 
1 3 4 6 7 8 37 
1 2 8 21 36 
3 4 5 7 8 15 36 
1 5 6 7 8 28 35 
24 25 32 
1 3 5 22 28 32 
1 2 4 7 14 16 25 
1 2 3 4 8 9 32 
8 9 
3 4 6 7 8 28 33 
1 2 3 5 6 8 13 21 
7 28 
1 3 6 8 19 37 
2 6 7 8 14 15 21 36 
3 4 7 8 10 20 28 
1 2 3 4 6 18 28 35 
6 36 
2 3 4 25 
2 3 4 6 7 10 11 20 
1 2 4 6 8 19 32 
2 3 5 6 7 8 9 27 
2 3 4 5 7 8 26 
1 3 7 28 34 36 
1 2 5 6 7 11 28 35 
29 30 32 
6 7 8 9 13 19 29 32 
1 2 3 8 9 15 30 
2 4 5 7 8 20 
1 3 5 6 13 16 25 34 
7 28 
1 5 6 7 24 36 
1 2 3 4 15 28 30 35 
1 6 7 16 19 
1 5 6 7 8 9 31 
2 16 32 
1 4 5 8 26 
7 8 32 
1 3 4 6 7 8 20 
1 3 8 12 26 34 
1 3 25 
1 3 6 7 8 13 
4 19 22 25 27 38 
1 5 6 7 8 20 33 
1 2 4 5 7 8 25 
2 4 5 7 19 23 
7 9
1 6 7 8 9 12 25
5 6
35 14
16 20
12 11
24 4
30 16
8 13
17 9
23 8
1 19
22 2
6 4
11 17
31 15
14 11
3 18
29 10
7 1
33 8
34 19
4 3
15 3
21 13
2 17
10 1
38 2
27 7
18 14
