4 5
1 2 5
40
101
3 8 4 5 4 6 8 2 2 6 6 4 4 8 4 4 5 3 7 5 8 5 1 8 6 6 6 6 4 2 3 1 5 8 4 6 8 6 7 4 3 4 1 6 1 3 3 3 4 6 8 6 7 7 2 6 4 8 5 3 7 4 8 2 4 1 3 5 6 6 4 6 6 6 6 7 3 5 7 3 6 7 4 4 1 4 5 5 3 4 8 5 8 7 5 4 2 8 4 6 8
6 7 24 
1 2 3 4 5 8 26 29 
1 8 11 17 
3 8 21 31 32 
2 6 11 31 
1 2 3 4 7 24 
2 3 4 5 6 7 21 32 
3 8 
4 34 
1 2 5 6 7 8 
2 3 5 7 8 24 
1 2 8 25 
1 2 7 26 
3 4 5 6 7 24 31 34 
1 3 4 27 
8 19 33 34 
2 3 4 15 36 
2 5 9 
1 3 4 8 10 20 32 
2 4 5 6 34 
1 3 4 5 8 16 28 34 
1 4 6 16 38 
14 
1 2 3 4 5 6 7 8 
1 3 5 7 8 13 
1 4 5 7 8 9 
1 5 7 8 24 25 
2 5 7 13 14 17 
2 8 13 20 
1 2 
2 6 27 
2 
2 6 9 27 28 
1 2 3 4 5 6 7 8 
2 6 7 36 
1 6 7 20 30 38 
1 3 5 6 7 8 23 28 
3 5 7 17 22 34 
1 2 4 8 22 31 34 
2 4 7 8 
2 8 32 
2 7 8 30 
15 
4 5 6 8 32 33 
8 
1 4 13 
3 6 15 
1 4 27 
5 7 8 10 
5 6 8 19 36 38 
1 3 5 6 7 17 20 22 
2 6 7 8 10 22 
2 3 4 5 7 8 10 
1 2 4 6 7 8 14 
5 25 
4 6 8 17 19 33 
2 5 7 26 
2 3 4 5 6 8 26 34 
4 7 16 24 29 
3 4 31 
1 3 4 5 7 26 31 
3 6 8 37 
2 4 5 6 7 8 12 36 
4 33 
1 3 5 8 
4 
6 7 8 
2 5 6 7 28 
1 2 5 7 8 29 
1 3 4 5 6 26 
2 4 16 29 
3 9 15 22 23 25 
2 4 5 6 7 36 
2 3 6 7 8 38 
1 2 4 6 7 8 
6 7 8 10 20 23 30 
1 4 8 
1 2 3 6 19 
1 2 3 5 6 7 21 
2 5 6 
1 2 4 5 8 13 
2 3 4 5 7 27 29 
2 5 7 8 
1 3 20 22 
8 
2 4 7 21 
1 2 3 4 8 
2 3 4 5 8 
6 19 28 
6 7 8 27 
1 3 4 5 7 8 21 34 
1 2 5 6 26 
4 6 7 8 9 14 25 26 
1 3 4 5 6 10 14 
2 5 6 8 13 
2 4 8 9 
1 4 
3 5 7 8 10 14 18 32 
5 6 7 10 
2 3 4 6 8 11 
2 3 4 7 8 18 21 38
5 10
35 13
20 15
12 17
17 14
37 9
1 4
19 4
32 9
23 20
6 10
36 19
9 2
31 14
3 8
33 11
7 20
34 13
13 11
21 7
27 6
18 1
26 3
38 17
