4 5
1 2 5
40
102
7 4 2 4 8 5 8 2 3 5 4 4 7 8 5 2 7 6 8 2 3 7 4 5 8 6 5 1 7 8 6 7 7 5 7 2 5 5 6 6 5 4 8 2 6 3 7 6 1 3 6 5 4 2 4 3 7 4 2 6 4 6 4 2 3 5 7 4 7 2 3 7 7 6 4 4 7 7 7 8 8 8 5 8 6 7 8 6 3 8 6 4 7 5 2 7 4 5 6 7 1 6
1 3 6 7 8 14 38 
4 5 22 30 
6 7 
2 4 7 33 
1 2 3 4 5 6 8 12 
1 4 6 27 33 
2 5 6 7 8 9 12 15 
1 6 
2 6 7 
2 4 7 9 14 
3 6 18 21 
3 5 13 24 
1 2 3 5 6 24 30 
3 4 5 6 8 15 28 35 
1 2 8 25 33 
6 32 
2 3 4 5 6 8 29 
4 5 7 8 13 15 
1 2 4 5 6 8 28 32 
5 32 
2 5 6 
1 2 3 5 6 8 9 
1 6 8 31 
2 5 7 18 21 
1 2 3 5 6 8 9 19 
2 3 6 7 15 24 
1 6 7 9 29 
5 
3 6 7 8 14 21 33 
1 2 3 4 5 6 7 30 
1 5 7 8 19 31 
1 2 5 6 8 24 35 
2 3 6 8 16 21 23 
1 2 6 8 22 
4 5 8 11 15 33 38 
6 7 
5 6 8 19 33 
3 6 8 11 36 
1 2 5 8 12 25 
3 4 5 7 8 28 
1 2 6 7 8 
2 4 5 8 
1 2 4 5 6 7 8 37 
3 5 
2 4 5 6 7 8 
2 5 6 
1 3 4 5 6 23 36 
1 5 6 32 33 38 
5 
6 8 37 
1 4 5 6 7 8 
1 5 6 7 9 
1 3 5 12 
9 26 
1 4 8 26 
2 4 9 
1 2 4 5 6 7 15 
5 6 12 13 
6 22 
5 8 16 20 27 38 
1 2 5 7 
3 4 6 7 8 20 
1 4 5 22 
6 8 
2 4 5 
2 6 7 8 17 
1 2 3 5 7 12 20 
3 6 7 28 
2 3 5 7 13 18 21 
6 20 
5 6 7 
1 2 4 5 6 7 30 
1 2 3 6 10 34 37 
4 5 6 7 19 28 
2 3 5 35 
1 5 7 14 
1 2 4 5 8 27 29 
1 2 3 6 7 26 35 
2 3 4 5 25 27 37 
1 2 3 4 5 6 13 30 
2 3 4 5 6 7 14 31 
2 4 5 6 7 8 14 16 
3 5 7 15 30 
2 3 5 6 12 30 31 32 
2 3 4 5 6 27 
1 3 4 6 8 15 23 
1 2 3 4 9 14 26 29 
2 6 20 22 24 34 
3 5 8 
1 2 5 6 26 32 35 36 
1 3 6 8 30 36 
4 5 8 9 
3 5 6 7 8 15 35 
2 3 6 7 8 
5 31 
5 6 7 8 12 32 35 
1 3 5 23 
1 3 6 7 28 
2 3 6 7 8 38 
1 3 7 8 16 30 37 
6
1 3 4 5 6 9
35 6
20 6
30 18
28 13
8 5
17 7
37 8
1 1
19 3
22 4
32 11
23 15
36 4
31 17
14 20
3 5
29 3
7 14
25 16
34 10
13 19
15 2
21 1
2 11
10 13
38 7
18 9
4 19
