4 5
1 2 5
40
100
6 8 5 5 6 8 4 6 8 7 7 5 7 5 6 5 8 6 3 8 3 8 6 2 6 5 6 6 2 4 7 6 4 6 8 4 2 7 5 8 8 6 5 8 2 6 5 8 6 6 8 5 8 8 2 8 6 5 5 4 5 4 6 8 2 4 4 7 8 5 5 7 4 7 6 7 2 5 8 2 8 7 7 1 1 5 2 7 8 4 5 4 3 2 8 5 8 6 7 8 
2 3 4 5 6 8 
2 3 4 5 7 8 19 37 
2 5 6 14 21 
3 8 10 14 32 
1 3 4 5 7 9 
1 2 4 5 7 8 9 25 
4 7 8 14 
1 5 6 7 10 14 
1 3 4 5 6 7 8 32 
6 7 8 25 28 32 36 
1 2 4 5 6 8 36 
1 3 4 5 8 
1 2 3 4 5 14 24 
3 4 5 7 39 
2 3 4 5 8 16 
1 2 6 8 14 
1 2 3 4 6 7 16 30 
4 5 6 13 14 37 
1 3 8 
1 2 3 4 6 7 8 18 
1 16 27 
1 2 3 4 6 8 13 22 
2 4 5 6 8 15 
17 19 
1 2 4 5 6 8 
1 3 5 15 30 
1 2 6 8 19 31 
1 5 6 7 14 25 
2 8 
2 5 7 27 
1 2 4 8 10 33 35 
2 5 8 36 38 39 
3 4 8 31 
1 2 3 4 6 8 
1 2 3 4 5 6 8 28 
5 6 34 37 
7 8 
1 3 5 6 7 8 27 
3 5 6 7 22 
1 2 3 4 5 7 8 36 
2 4 7 8 9 16 31 32 
1 6 7 8 17 25 
5 6 7 8 9 
1 2 3 4 5 7 11 13 
1 27 
1 3 4 5 8 9 
1 4 5 7 8 
2 3 4 5 6 9 15 36 
1 3 4 5 8 27 
1 4 5 9 10 36 
1 2 3 4 5 7 8 13 
4 6 8 9 36 
2 3 4 5 6 7 8 9 
1 2 3 5 6 8 18 19 
2 5 
1 2 3 5 6 8 24 38 
1 2 4 5 12 28 
2 3 5 7 18 
2 5 6 8 19 
3 5 6 18 
4 5 6 16 29 
3 6 14 27 
1 3 4 6 7 17 
1 4 7 11 22 30 33 39 
5 20 
3 4 5 32 
2 4 5 6 
2 3 4 5 7 8 17 
1 2 4 6 7 8 13 16 
1 4 5 6 7 
3 7 8 19 24 
1 3 4 6 8 14 22 
4 6 25 35 
3 4 11 15 21 23 28 
1 2 3 5 7 10 
2 3 4 6 7 8 31 
4 5 
1 8 16 32 37 
1 5 6 8 9 17 20 39 
6 8 
1 3 4 6 7 21 30 38 
2 3 4 5 8 25 34 
3 5 7 8 20 24 35 
5 
17 
1 3 5 8 16 
7 8 
1 2 7 8 14 21 39 
1 4 5 7 8 18 27 28 
8 15 17 22 
5 8 14 21 25 
2 3 5 8 
2 8 9 
8 35 
2 3 4 5 6 8 21 35 
1 2 3 6 8 
1 4 5 8 11 14 27 34 
2 5 7 8 31 37 
2 5 7 27 32 33 36 
1 4 5 6 8 21 27 35 
16 14
20 20
12 10
24 13
28 16
37 6
1 15
19 1
22 7
32 10
6 13
23 15
11 9
36 12
9 4
31 17
14 4
3 1
39 16
29 8
7 3
33 18
25 19
34 3
4 5
15 2
13 20
2 14
10 7
18 6
38 12
26 17
