4 5
1 2 5
40
104
8 7 7 6 8 6 8 7 8 8 1 3 5 2 6 5 8 4 7 6 6 2 6 5 2 6 6 4 4 8 4 5 2 7 8 5 8 6 6 5 6 2 6 2 5 8 4 4 6 8 6 7 4 4 1 4 3 3 3 4 6 8 6 7 7 6 4 1 5 7 8 4 3 3 5 6 6 6 3 6 6 6 7 3 5 7 6 7 4 4 2 4 5 4 8 2 5 8 7 2 8 4 8 5
3 4 6 7 13 17 21 37 
1 3 4 5 6 8 30 
2 4 5 6 7 19 32 
1 3 4 8 25 28 
1 2 7 8 10 23 24 37 
3 6 9 12 36 38 
1 2 3 4 5 6 7 30 
1 2 3 4 7 8 31 
2 3 4 5 6 7 8 10 
1 2 3 4 5 7 31 38 
36 
1 4 16 
1 2 3 4 7 
12 15 
2 5 7 8 24 32 
2 4 7 18 37 
2 3 4 5 6 7 8 25 
2 3 4 7 
1 2 3 4 5 7 8 
1 2 3 4 8 26 
1 2 3 7 18 30 
6 7 
2 3 5 6 7 21 
4 5 6 7 34 
1 34 
1 2 5 6 7 8 
2 3 5 7 8 24 
1 2 8 26 
1 2 7 27 
3 4 5 6 7 25 31 35 
1 3 4 28 
2 3 4 15 37 
1 3 
1 3 4 8 10 21 33 
1 3 4 5 8 17 29 35 
1 4 6 16 39 
1 2 3 4 5 6 7 8 
1 3 5 7 8 14 
1 4 5 7 8 9 
1 7 24 32 35 
1 5 7 8 25 26 
1 5 
2 5 7 13 14 17 
1 2 
3 7 17 18 22 
1 2 3 4 5 6 7 8 
1 5 7 19 
2 6 7 37 
1 6 7 20 21 30 
1 3 5 6 7 8 24 29 
3 5 7 17 23 35 
1 2 4 8 22 32 35 
2 4 7 8 
2 7 8 31 
15 
1 3 7 26 
1 4 13 
3 6 15 
1 4 27 
5 7 8 10 
5 6 8 19 37 39 
1 3 5 6 7 17 21 22 
2 6 7 8 10 22 
2 3 4 5 7 8 10 
1 2 4 6 7 8 14 
4 6 8 17 19 34 
2 5 7 27 
1 
4 7 16 25 29 
1 3 4 5 7 27 32 
2 4 5 6 7 8 12 36 
1 3 5 8 
3 5 7 
6 7 8 
2 5 6 7 28 
1 2 5 7 8 30 
1 3 4 5 6 27 
3 9 15 23 24 26 
1 33 36 
2 4 5 6 7 37 
2 3 6 7 8 38 
1 2 4 6 7 8 
6 7 8 10 21 24 31 
1 4 8 
1 2 3 6 20 
1 2 3 5 6 7 21 
1 2 4 5 8 13 
2 3 4 5 7 28 30 
2 5 7 8 
1 3 20 23 
7 39 
2 4 7 21 
1 2 3 4 8 
6 7 8 28 
1 3 4 5 7 8 22 35 
1 3 
1 2 5 6 27 
4 6 7 8 9 14 26 27 
1 3 4 5 6 10 14 
1 4 
3 5 7 8 10 14 18 33
5 6 7 10
2 3 4 7 8 18 19 22
6 7 8 26 28
5 6
35 10
20 10
16 11
12 16
24 9
28 20
8 11
17 1
23 2
22 13
32 15
6 15
11 12
9 5
31 7
14 16
3 9
39 5
29 12
33 1
25 7
34 18
13 13
4 19
21 4
2 20
27 4
18 8
26 6
10 17
38 18
