4 5
1 2 5
40
105
7 8 7 7 2 7 3 4 5 8 8 5 2 5 6 4 4 8 7 8 6 3 2 4 6 4 5 7 2 2 3 5 3 3 4 2 8 8 7 3 7 6 8 3 7 4 6 2 4 4 6 1 5 3 2 6 6 3 2 6 7 3 4 2 8 4 4 6 4 6 4 4 3 5 7 5 3 3 5 2 8 5 7 5 6 7 3 3 8 7 8 4 8 3 8 2 5 3 6 5 5 2 7 5 8
1 5 6 13 16 33 38 
1 2 5 6 7 8 11 32 
2 3 6 7 29 32 34 
1 2 3 4 5 6 19 
3 4 
2 3 4 5 6 32 34 
1 2 9 
1 3 5 28 
1 2 5 11 36 
2 3 4 5 7 8 15 26 
1 3 5 6 7 8 30 34 
2 3 4 8 19 
12 23 
1 5 7 8 9 
2 3 4 8 31 35 
5 8 33 38 
1 3 5 38 
1 2 4 5 6 8 17 30 
1 2 5 6 7 11 29 
1 2 4 5 6 7 8 32 
1 2 4 5 8 27 
5 6 14 
3 5 
1 3 5 38 
2 3 4 8 14 38 
2 3 7 21 
4 5 14 17 27 
1 2 3 6 7 16 36 
15 32 
5 7 
7 8 17 
1 2 4 8 26 
2 6 18 
2 7 28 
1 3 4 5 
3 7 
2 3 4 5 7 19 26 37 
2 3 4 7 8 16 19 31 
1 2 3 4 5 6 7 
2 4 6 
2 4 12 21 25 27 33 
2 5 7 8 24 35 
1 2 3 5 6 7 14 30 
2 3 6 
2 4 5 6 8 22 37 
2 5 8 20 
1 3 4 7 8 11 
3 25 
2 3 6 31 
1 3 4 5 
2 3 4 7 8 27 
2 
1 2 4 8 15 
1 2 35 
5 6 
1 3 5 7 11 16 
1 6 7 8 32 38 
1 3 26 
3 7 
1 2 4 6 7 38 
3 4 6 7 21 24 25 
5 7 26 
2 3 4 7 
3 22 
1 2 3 5 6 8 19 37 
1 4 20 29 
2 4 17 28 
2 4 5 6 7 15 
3 4 7 38 
1 2 4 6 10 20 
3 7 8 29 
4 5 7 12 
1 5 8 
2 4 5 7 37 
3 4 6 7 8 27 33 
1 4 8 17 23 
6 7 28 
2 3 8 
1 4 7 8 10 
12 16 
2 3 4 5 6 8 28 33 
1 2 4 6 7 
4 6 7 8 21 25 28 
1 2 3 5 24 
1 4 5 6 8 20 
2 3 6 7 13 29 30 
4 6 20 
2 5 25 
5 14 16 19 21 24 28 34 
2 3 4 5 7 11 25 
2 4 5 8 18 19 33 34 
2 3 7 8 
1 2 3 5 6 12 15 17 
2 4 7 
2 3 4 5 6 7 8 32 
2 17 
1 2 3 8 11 
6 7 37 
2 4 8 14 22 28 
3 4 5 6 38 
1 2 4 5 21
1 28
1 3 4 5 7 17 25
2 5 13 18 29
1 2 4 5 6 7 20 23
16 13
35 18
24 5
30 7
8 20
23 4
1 14
32 15
22 17
6 2
36 11
9 15
31 19
14 20
29 12
33 7
25 6
7 13
13 4
4 9
21 19
27 5
18 3
26 6
