4 5
1 2 5
40
102
5 4 6 5 7 1 5 8 3 6 5 7 3 8 8 7 1 7 5 5 2 4 7 4 5 2 6 4 6 6 3 7 3 7 7 5 5 6 7 7 8 8 5 5 2 6 7 4 8 8 8 7 7 7 1 1 7 3 5 4 8 7 3 7 6 6 7 2 7 8 2 3 3 6 6 4 5 7 5 7 5 3 8 6 6 4 8 2 6 7 8 5 7 7 2 6 3 2 4 6 8 5
3 4 7 27 28 
5 6 31 33 
3 5 6 7 14 16 
1 3 4 8 39 
1 2 3 4 6 7 8 
3 
1 2 3 8 37 
2 4 6 7 8 14 19 37 
4 16 36 
1 2 3 7 8 17 
1 2 3 5 6 
1 2 3 4 5 6 8 
3 5 7 
1 3 4 6 8 21 32 36 
2 3 5 8 12 23 30 35 
4 6 9 20 26 36 38 
3 
3 4 6 7 9 15 30 
2 3 8 29 32 
2 3 4 7 8 
3 7 
3 5 6 14 
1 2 4 7 11 12 33 
5 7 30 34 
2 3 4 5 6 
3 6 
2 4 8 13 20 36 
2 3 8 34 
3 4 5 6 7 27 
1 2 3 6 8 39 
3 4 7 
2 3 4 8 14 22 30 
4 5 32 
2 3 6 7 19 34 39 
1 2 3 4 15 27 35 
1 2 8 21 30 
4 7 8 26 33 
1 3 4 6 38 39 
1 2 3 4 5 6 36 
4 5 6 7 14 32 35 
1 2 3 5 6 10 28 34 
1 2 7 8 14 22 30 36 
1 6 18 30 31 
3 4 5 6 7 
3 39 
1 2 3 6 19 22 
2 5 7 8 19 30 32 
1 5 19 30 
4 8 9 15 28 31 33 39 
1 2 3 5 6 7 16 31 
3 4 5 7 18 27 31 38 
1 2 3 5 7 8 26 
1 3 4 5 6 8 36 
1 2 3 5 7 8 19 
30 
3 
1 4 6 8 19 23 30 
2 3 22 
3 5 6 8 12 
1 3 20 21 
2 3 5 19 27 30 36 37 
2 4 5 6 7 8 10 
1 2 3 
1 3 4 11 19 22 32 
2 3 19 24 25 37 
2 6 8 20 29 37 
2 3 4 5 6 7 8 
3 5 
2 3 5 7 8 17 35 
1 2 3 4 6 7 8 30 
5 37 
18 19 32 
6 8 10 
10 14 18 24 37 38 
1 2 3 5 6 7 
1 7 8 37 
2 3 7 17 28 
1 2 3 7 8 16 35 
2 3 4 5 37 
1 2 3 4 5 6 8 
2 11 20 22 37 
3 5 36 
1 4 8 10 11 19 22 27 
1 4 5 6 20 37 
2 3 5 7 32 39 
7 8 19 36 
1 2 3 6 8 9 10 26 
3 17 
2 4 5 6 26 37 
1 3 4 6 7 8 38 
2 3 4 5 6 7 8 31 
1 2 8 22 37 
3 4 5 7 8 15 37 
1 5 6 7 8 28 36 
3 4 
1 2 4 5 6 32 
25 33 38 
3 4 
1 5 7 30 
1 3 5 22 28 33 
2 3 5 6 7 8 14 16
3 4 5 7 14
5 1
35 11
20 6
16 18
12 12
24 2
28 17
8 19
17 13
23 9
19 12
22 7
1 16
6 20
11 8
9 7
31 14
14 15
39 16
29 6
7 5
25 14
34 15
13 1
4 3
21 4
15 10
2 17
18 3
26 8
38 13
27 18
