4 5
1 2 5
40
54
3 6 8 4 5 6 8 1 6 7 5 7 6 6 8 7 3 3 6 2 8 3 4 5 5 2 8 8 5 5 1 4 3 4 8 5 4 3 8 4 6 8 1 4 5 8 8 1 6 3 3 8 4 7
4 7 28 
1 3 4 6 7 30 
1 4 5 6 7 8 38 39 
2 4 7 26 
1 2 3 7 24 
2 4 5 6 8 35 
1 2 5 6 7 28 34 37 
1 
1 4 5 6 25 36 
2 3 4 6 7 18 38 
3 6 7 8 20 
1 4 13 17 25 27 32 
3 7 8 20 25 27 
4 10 13 22 29 33 
1 3 5 6 7 13 21 35 
1 2 3 5 6 7 8 
1 2 9 
1 5 10 
1 4 6 7 15 17 
1 7 
1 2 3 4 5 6 7 8 
4 7 13 
3 6 7 28 
2 5 7 9 37 
1 2 4 5 6 
1 6 
2 3 4 5 7 8 27 34 
1 3 4 7 8 9 12 19 
1 2 4 5 25 
7 8 26 28 37 
7 
2 7 25 38 
3 6 7 
1 2 4 8 
2 4 8 14 20 21 22 30 
1 2 3 7 8 
4 6 7 26 
2 7 9 
1 2 3 5 6 7 8 25 
1 3 5 7 
1 4 5 8 15 27 
2 3 4 5 8 23 26 30 
35 
3 4 7 20 
2 5 7 8 31 
1 3 4 5 6 8 21 30 
1 2 3 5 7 8 20 26 
1 
1 2 4 5 6 7 
1 2 3 
25 34 35
1 2 5 7 10 13 16 34
1 2 3 8
1 2 3 4 6 7 25
5 4
16 19
20 20
12 14
30 3
28 2
24 6
17 1
8 19
23 11
19 17
32 2
22 5
6 3
11 9
36 8
9 12
31 13
3 20
39 18
29 1
33 13
25 17
34 4
13 6
4 10
21 7
2 8
27 9
15 15
38 15
18 16
