4 5
1 2 5
40
103
5 5 8 4 6 8 2 7 5 8 8 6 5 5 8 4 2 6 5 8 6 6 8 5 8 8 8 5 5 4 4 6 8 2 7 3 5 8 5 5 7 4 7 2 6 7 5 8 2 2 8 7 7 5 2 7 8 4 5 3 4 3 1 3 5 2 8 5 5 8 6 6 2 7 7 8 6 5 5 8 7 8 3 6 7 3 7 4 8 4 5 6 7 5 8 2 8 3 8 3 5 4 4
2 4 5 6 8 
2 3 4 6 7 
3 4 5 8 19 34 36 37 
3 4 8 30 
1 2 3 4 6 8 
1 2 3 4 5 6 8 28 
7 8 
1 3 5 6 7 8 27 
3 5 6 7 21 
1 2 3 4 5 7 8 35 
2 4 7 8 9 16 30 32 
1 6 7 8 17 24 
5 6 7 8 9 
1 3 4 6 7 
1 2 3 4 5 7 11 13 
1 2 4 7 
1 26 
1 3 4 5 8 9 
1 4 5 7 8 
2 3 4 5 6 9 15 35 
1 3 4 5 8 26 
1 4 5 9 10 35 
1 2 3 4 5 7 8 13 
4 6 8 9 35 
2 3 4 5 6 7 8 9 
1 2 3 5 6 8 18 19 
1 2 3 5 6 8 23 37 
2 3 5 7 18 
2 5 6 8 18 
3 5 6 18 
3 6 14 26 
1 3 4 6 7 17 
1 4 7 11 21 29 33 38 
5 20 
2 3 4 5 7 8 17 
7 14 23 
1 2 4 33 35 
1 2 4 6 7 8 13 16 
1 4 5 6 7 
3 7 8 18 24 
1 3 4 6 8 14 21 
4 6 25 35 
3 4 11 15 21 22 27 
22 25 
1 2 3 5 7 10 
2 3 4 6 7 8 31 
1 8 16 31 36 
1 5 6 8 9 17 20 38 
6 7 
6 8 
1 3 4 6 7 21 29 37 
2 3 4 5 8 25 33 
3 5 7 8 19 23 34 
1 3 5 8 16 
7 8 
1 2 7 8 13 21 38 
1 4 5 7 8 18 26 27 
8 15 16 22 
5 8 14 21 24 
4 7 24 
2 3 5 8 
2 8 9 
37 
1 4 7 
3 4 6 7 27 
8 34 
2 3 4 5 6 8 21 34 
1 2 3 6 8 
2 7 14 16 37 
1 4 5 8 11 14 26 33 
1 2 3 4 6 7 
2 5 7 8 30 36 
4 7 
2 3 4 13 18 23 37 
2 5 7 26 32 35 37 
1 4 5 6 8 21 26 34 
1 2 3 5 6 7 
5 15 17 24 32 
3 5 6 8 33 
1 3 4 7 8 10 12 29 
1 2 4 5 7 20 30 
1 2 3 5 6 7 8 28 
2 6 22 
3 4 5 8 9 20 
3 5 7 15 17 25 35 
7 8 26 
2 6 8 19 31 36 38 
5 6 7 27 
1 2 5 6 7 10 35 37 
2 6 8 12 
3 5 6 7 35 
4 5 7 16 24 26 
1 5 6 7 18 23 24 
3 4 6 7 8 
1 2 3 4 5 6 7 8 
5 8 
2 3 5 7 8 11 26 35 
5 8 11 
1 2 4 10 14 20 25 32 
18 28 29 
1 4 6 7 34
4 7 8 20
2 3 5 8
5 18
16 16
12 5
30 11
28 5
17 4
23 15
1 19
32 20
6 6
11 14
36 17
9 18
31 19
14 16
3 15
29 10
33 1
25 1
34 8
4 14
15 10
21 3
2 2
27 4
38 7
13 17
10 20
