4 5
1 2 5
40
54
5 8 3 8 1 7 6 7 8 6 7 5 6 5 1 3 3 2 7 3 3 6 2 3 1 7 6 3 2 5 2 3 3 3 3 7 5 3 4 8 8 4 6 5 2 3 7 3 6 6 4 8 4 5
4 6 7 12 21 
1 2 3 4 5 6 7 8 
3 8 15 
1 2 3 4 5 7 11 31 
8 
1 2 3 5 6 7 8 
1 3 6 7 8 19 
2 3 5 7 15 21 35 
1 2 3 4 5 6 7 8 
2 17 23 27 29 33 
3 4 6 7 13 20 28 
1 2 5 12 37 
1 5 6 7 8 12 
2 7 8 19 32 
6 
2 11 37 
4 8 17 
6 28 
1 3 4 6 7 8 13 
5 6 7 
6 8 20 
4 6 8 13 23 32 
3 29 
2 3 4 
3 
1 3 6 11 27 33 36 
1 2 3 6 8 22 
1 21 31 
2 8 
3 4 6 7 16 
1 32 
2 3 23 
1 3 30 
8 20 31 
3 7 33 
3 7 8 29 30 31 36 
2 3 8 23 33 
3 4 9 
4 6 10 34 
1 2 3 4 6 7 8 35 
1 2 3 4 5 6 7 8 
1 4 11 18 
2 4 5 7 8 16 
2 4 6 7 16 
1 6 
3 4 27 
1 2 4 5 6 8 19 
1 3 8 
2 5 6 7 9 27 
4 6 8 11 17 35 
4 6 7 17
1 2 3 5 6 7 8 23
1 2 3 5
1 3 4 21 38
5 16
16 2
35 6
20 13
30 16
28 18
17 5
1 3
23 12
36 12
9 1
29 9
7 7
33 8
34 8
13 4
15 14
21 15
4 18
2 19
38 15
26 2
18 19
10 20
