4 5
1 2 5
40
56
5 4 4 6 3 6 6 3 6 7 6 6 2 7 2 7 8 2 4 1 8 7 8 1 6 3 6 5 7 4 2 3 5 3 4 3 4 3 8 8 1 7 2 3 7 1 6 8 3 7 4 2 6 4 4 6
1 6 8 24 37 
7 8 13 19 
6 7 8 28 
2 3 4 5 6 34 
6 19 35 
1 4 8 11 17 23 
1 2 3 4 6 27 
2 4 5 
2 5 6 7 19 33 
1 2 3 5 6 7 13 
1 2 4 5 24 37 
3 4 5 7 22 31 
3 6 
1 3 4 5 6 8 25 
5 8 
2 3 5 7 8 16 22 
2 3 4 6 8 9 12 14 
8 31 
5 8 33 38 
8 
1 2 4 5 6 8 17 30 
1 2 5 6 7 11 29 
1 2 4 5 6 7 8 32 
8 
1 2 4 5 8 27 
5 6 14 
2 3 4 8 14 38 
4 5 14 17 27 
1 2 3 6 7 16 36 
6 7 8 27 
15 32 
7 8 17 
1 2 4 8 26 
2 6 18 
1 6 24 35 
2 7 28 
1 3 4 5 
1 8 32 
2 3 4 5 7 19 26 37 
2 3 4 7 8 16 19 31 
6 
1 2 3 4 5 6 7 
9 36 
2 4 6 
2 4 12 21 25 27 33 
8 
2 5 7 8 24 35 
1 2 3 5 6 7 14 30 
2 3 6 
2 4 5 6 8 22 37 
2 5 8 20
6 7
1 3 4 7 8 11
2 3 6 31
1 3 4 5
2 3 4 7 8 27
5 15
35 6
16 11
20 17
12 18
30 5
24 9
17 10
37 8
23 7
1 14
32 3
22 5
11 3
36 7
31 12
14 4
3 6
7 8
25 9
33 16
34 18
21 17
2 20
10 15
18 2
38 19
26 20
