4 5
1 2 5
40
202
3 5 7 8 2 1 6 1 8 6 4 4 1 7 1 4 7 7 2 7 8 3 4 5 2 7 5 1 8 5 2 8 6 6 5 6 6 4 5 5 8 4 4 6 8 6 7 4 3 4 6 1 4 3 3 3 4 6 8 6 7 7 6 4 8 5 3 7 4 8 2 4 1 3 3 5 6 6 4 6 3 6 6 6 7 3 5 7 6 7 4 4 2 1 4 5 5 3 4 8 2 8 7 5 4 2 8 4 6 8 2 5 8 2 7 7 8 3 2 8 6 3 7 8 6 5 7 3 2 3 2 3 7 8 2 7 4 7 8 4 7 3 3 6 5 6 6 6 5 8 8 1 6 6 3 2 5 5 4 5 5 3 1 3 8 4 5 5 8 3 6 4 4 5 3 2 2 8 5 1 3 4 8 6 7 4 5 4 3 3 8 7 8 5 3 3 2 3 8 2 4 6
2 4 7 
1 4 5 27 30 
4 5 6 7 8 22 25 
1 3 4 5 6 7 20 22 
4 5 
8 
1 2 3 6 8 22 
8 
1 2 4 5 7 8 23 30 
1 2 5 8 15 25 
5 8 12 37 
2 3 4 8 
4 
3 4 5 6 7 8 10 
4 
2 6 7 34 
1 2 4 5 7 8 29 
1 2 4 5 6 7 20 
4 11 
1 2 3 5 6 8 28 
1 4 6 7 21 25 30 35 
3 5 6 
8 19 33 34 
2 3 4 15 36 
1 3 
1 3 4 8 10 20 32 
2 4 5 6 34 
3 
1 3 4 5 8 16 28 34 
1 4 6 16 38 
3 6 
1 2 3 4 5 6 7 8 
1 3 5 7 8 13 
1 4 5 7 8 9 
1 7 23 32 34 
1 5 7 8 24 25 
2 5 7 13 14 17 
2 8 13 20 
3 7 17 21 38 
2 6 9 27 28 
1 2 3 4 5 6 7 8 
1 5 7 19 
2 6 7 36 
1 6 7 20 30 38 
1 3 5 6 7 8 23 28 
3 5 7 17 22 34 
1 2 4 8 22 31 34 
2 4 7 8 
2 8 32 
2 7 8 30 
4 5 6 8 32 33 
8 
1 3 7 26 
1 4 13 
3 6 15 
1 4 27 
5 7 8 10 
5 6 8 19 36 38 
1 3 5 6 7 17 20 22 
2 6 7 8 10 22 
2 3 4 5 7 8 10 
1 2 4 6 7 8 14 
4 6 8 17 19 33 
2 5 7 26 
2 3 4 5 6 8 26 34 
4 7 16 24 29 
3 4 31 
1 3 4 5 7 26 31 
3 6 8 37 
2 4 5 6 7 8 12 36 
4 33 
1 3 5 8 
4 
3 5 7 
6 7 8 
2 5 6 7 28 
1 2 5 7 8 29 
1 3 4 5 6 26 
2 4 16 29 
3 9 15 22 23 25 
1 32 35 
2 4 5 6 7 36 
2 3 6 7 8 38 
1 2 4 6 7 8 
6 7 8 10 20 23 30 
1 4 8 
1 2 3 6 19 
1 2 3 5 6 7 21 
1 2 4 5 8 13 
2 3 4 5 7 27 29 
2 5 7 8 
1 3 20 22 
7 38 
8 
2 4 7 21 
1 2 3 4 8 
2 3 4 5 8 
6 19 28 
6 7 8 27 
1 3 4 5 7 8 21 34 
1 3 
4 6 7 8 9 14 25 26 
1 3 4 5 6 10 14 
2 5 6 8 13 
2 4 8 9 
1 4 
3 5 7 8 10 14 18 32 
5 6 7 10 
2 3 4 6 8 11 
2 3 4 7 8 18 21 38 
2 3 
6 7 8 26 27 
2 4 5 6 8 15 17 21 
3 30 
1 3 5 6 11 21 29 
2 3 6 8 16 22 28 
1 2 4 5 6 8 16 23 
2 3 7 
7 29 
1 3 4 5 8 20 24 35 
1 3 4 6 30 34 
1 3 12 
2 3 4 5 6 7 33 
2 3 4 6 7 8 19 22 
1 2 3 4 6 14 
1 5 6 7 19 
3 4 8 16 17 23 36 
3 7 8 
7 8 
4 8 35 
6 37 
2 4 8 
1 3 4 5 6 7 16 
2 3 4 5 6 7 12 26 
2 4 
2 4 5 6 7 8 13 
2 4 6 8 
1 6 8 18 19 21 22 
1 2 3 11 12 13 16 23 
2 3 5 6 
1 2 3 4 5 7 23 
4 6 10 
1 3 8 
1 2 3 5 6 7 
1 7 11 12 38 
1 2 3 4 6 7 
2 4 6 7 8 31 
1 2 3 5 6 8 
3 4 6 7 8 
2 3 5 6 7 8 23 36 
1 2 3 5 7 8 17 32 
7 
2 3 4 5 7 8 
3 5 6 7 8 31 
8 34 38 
3 8 
2 3 4 5 8 
3 4 7 26 33 
4 6 7 28 
1 6 7 19 30 
3 5 19 24 38 
1 7 18 
16 
4 6 8 
2 3 4 5 6 7 8 12 
3 6 16 35 
2 6 7 18 31 
1 2 3 4 6 
1 3 4 8 14 23 25 27 
4 6 7 
3 6 8 12 17 36 
3 5 8 16 
2 4 6 16 
3 4 5 7 25 
2 8 18 
7 30 
4 37 
1 2 3 4 6 7 8 33 
2 3 22 23 26 
28 
5 8 23 
4 6 8 19 
2 4 6 7 8 30 31 33 
1 2 5 8 20 25 
2 3 4 6 14 17 20 
1 2 7 26 
2 3 7 27 30 
1 6 8 23 
2 4 27 
4 7 37 
3 4 5 7 8 11 23 25 
1 2 3 5 7 22 34 
2 3 4 5 6 7 20 21 
1 2 3 5 15 
5 10 36 
5 28 34 
3 28 
2 3 7 
1 2 3 4 5 6 7 8 
2 37 
4 5 6 8
4 5 6 7 15 16
5 8
35 10
20 14
12 13
24 17
30 18
1 1
23 6
22 5
19 17
6 14
11 16
36 15
31 18
9 19
14 11
29 11
33 8
25 2
34 9
13 2
15 16
21 15
2 4
27 3
18 12
38 13
26 19
