4 5
1 2 5
40
54
6 6 8 7 4 1 6 4 7 7 3 8 8 4 6 6 7 7 5 3 6 7 6 8 5 8 6 2 5 6 1 5 3 7 4 7 6 8 2 6 8 2 7 5 8 6 8 6 2 4 5 6 3 5
2 4 6 7 8 36 
1 2 3 6 7 12 
1 2 3 5 7 12 32 34 
1 3 4 5 6 8 30 
1 3 22 25 
3 
3 5 7 19 21 25 
1 5 18 31 
3 4 5 6 11 17 31 
1 2 4 6 7 23 32 
3 5 8 
1 2 3 4 6 8 12 13 
5 6 8 11 22 31 32 33 
1 3 4 10 
1 2 5 7 15 29 
2 3 4 21 32 38 
1 5 6 7 22 26 29 
1 2 4 5 6 7 18 
4 10 19 26 27 
6 8 33 
1 4 5 6 7 8 
1 2 7 15 17 34 38 
1 5 7 8 12 22 
2 3 5 7 8 16 29 35 
1 2 3 6 8 
1 2 3 4 5 6 8 13 
1 3 4 5 7 8 
4 13 
2 6 24 25 35 
3 4 6 15 27 30 
3 
1 3 15 31 37 
3 4 8 
1 3 5 7 8 16 25 
3 9 29 33 
2 3 4 5 8 12 14 
1 3 4 8 16 33 
1 2 3 5 7 8 11 26 
5 6 
1 2 12 13 20 29 
1 2 6 7 8 10 26 27 
6 39 
1 3 6 7 12 29 38 
1 4 5 19 23 
2 3 4 5 15 21 31 39 
1 2 3 5 7 8 
2 3 4 6 7 8 25 31 
2 4 5 6 7 28 
6 39
1 3 4 29
2 4 5 23 31
1 2 3 5 6 31
1 2 3
1 6 8 15 30 
5 11
35 12
20 3
16 18
30 6
28 3
8 1
24 13
37 11
1 7
17 16
22 14
32 17
23 17
11 15
36 4
9 7
14 20
39 9
29 16
7 2
33 5
25 13
34 1
4 19
21 8
2 9
10 12
38 2
18 14
26 19
27 20
