4 5
1 2 5
40
54
2 8 4 7 1 5 7 4 8 5 3 4 6 7 2 1 6 4 4 3 6 5 7 2 5 6 8 6 3 1 2 2 5 8 6 5 2 4 3 7 4 8 4 2 8 7 7 4 3 7 7 2 7 7
22 28 
1 2 5 7 10 13 15 33 
1 2 3 8 
1 2 3 4 6 7 24 
6 
3 6 8 11 31 
1 2 3 4 8 9 27 
1 2 7 18 
1 2 3 4 5 6 7 17 
1 2 22 33 36 
5 6 36 
1 3 4 6 
1 4 7 19 31 36 
3 4 5 8 16 20 28 
1 9 
32 
1 3 5 8 15 33 
3 6 7 17 
2 8 17 20 
1 2 5 
1 2 5 7 8 25 
4 5 6 9 26 
2 3 4 5 7 8 20 
5 6 
1 3 5 6 8 
2 5 6 7 19 29 
1 2 5 7 8 12 14 30 
4 5 6 7 8 30 
6 8 12 
5 
1 37 
1 4 
6 8 13 23 27 
4 5 6 7 8 18 20 27 
1 2 4 6 8 15 
2 5 12 13 30 
4 8 
4 5 8 12 
3 8 11 
1 3 4 5 7 8 24 
5 6 8 20 
1 2 3 4 5 6 7 36 
3 6 7 8 
4 8 
1 3 5 6 8 13 15 23 
1 2 3 7 8 26 33 
2 4 6 7 19 20 31 
1 2 6 8 
5 7 10 
1 4 5 7 8 11 29 
1 2 4 6 7 8 24
32 38
1 2 3 6 7 8 23
1 2 3 4 5 6 8
16 11
20 14
12 10
30 15
24 19
37 12
19 3
22 1
11 20
36 20
31 5
14 16
3 12
29 11
34 13
13 2
15 7
21 14
2 3
27 13
18 4
26 17
38 18
10 19
