4 5
1 2 5
40
105
3 5 2 7 2 7 8 5 3 1 3 6 4 4 7 2 6 4 4 7 1 5 6 6 6 7 8 8 4 2 8 4 3 5 4 6 6 8 7 4 6 4 7 7 8 6 8 6 6 7 7 3 6 7 5 6 8 5 4 8 1 1 2 7 5 3 6 3 5 7 4 7 6 8 2 6 8 2 7 5 8 6 7 8 6 3 2 5 6 2 3 5 2 5 6 2 2 5 4 5 3 5 4 8 5
3 4 6 
1 4 6 7 31 
8 34 
1 2 4 7 8 23 24 
2 3 
1 2 6 7 8 13 32 
1 2 3 5 7 18 25 26 
2 3 5 16 25 
5 22 33 
35 
7 32 33 
3 7 27 32 33 36 
3 4 9 28 
1 4 6 21 
1 2 4 5 6 7 8 
6 9 
2 4 6 20 31 35 
2 3 4 7 
2 6 8 9 
2 4 5 6 7 8 21 
2 
3 4 6 7 8 
2 4 5 6 7 23 
2 5 8 35 37 38 
1 3 4 6 9 26 
1 3 5 6 8 14 24 
2 4 5 8 15 18 27 37 
2 3 4 7 8 19 23 25 
2 4 5 26 
2 8 
2 3 4 5 6 8 20 24 
4 5 8 30 
2 7 8 
1 2 6 7 35 
1 4 6 7 
2 4 6 7 8 35 
1 2 3 6 7 12 
1 2 3 5 7 12 31 33 
1 3 4 5 6 8 30 
1 3 22 24 
3 5 7 19 20 24 
1 5 18 30 
3 4 5 6 11 16 30 
1 2 4 6 7 23 32 
1 2 3 4 6 8 12 13 
2 7 8 11 23 35 
5 6 8 11 21 30 32 36 
1 2 5 7 15 28 
2 3 4 20 31 37 
1 5 6 7 22 26 28 
1 2 4 5 6 7 17 
6 8 33 
1 4 5 6 7 8 
1 2 7 14 17 33 37 
1 4 8 32 35 
1 5 7 8 12 22 
2 3 5 7 8 15 29 35 
1 2 3 6 8 
2 4 8 32 
1 2 3 4 5 6 8 13 
11 
2 
7 32 
1 2 4 7 8 10 19 
2 6 24 25 34 
7 11 29 
3 4 6 14 26 29 
7 8 32 
1 3 15 30 36 
1 3 5 7 8 15 24 
3 9 28 32 
2 3 4 5 8 12 13 
1 3 4 8 15 32 
1 2 3 5 7 8 11 25 
5 6 
1 2 12 20 28 38 
1 2 6 7 8 10 25 27 
6 38 
1 3 6 7 12 29 37 
1 4 5 19 22 
2 3 4 5 15 21 30 38 
1 2 3 5 7 8 
1 2 5 7 8 20 34 
2 3 4 6 7 8 25 31 
2 4 5 6 7 27 
2 4 5 
6 38 
2 4 5 23 30 
1 2 3 5 6 31 
17 35 
1 2 3 
1 6 8 15 29 
3 12 
1 5 7 13 35 
1 2 3 4 7 8 
2 5 
5 6 
2 3 5 8 21 
1 3 21 29 
1 2 6 7 8 
4 6 29
4 7 19 21 36
7 8 30 31
1 3 4 15 21 23 26 28
3 4 14 16 17
5 4
20 9
28 19
8 7
17 11
37 10
1 7
23 12
19 20
36 15
31 1
3 4
29 13
33 6
25 5
7 13
4 15
15 11
13 17
27 1
18 2
26 6
38 8
10 10
