4 5
1 2 5
40
101
4 7 6 8 7 6 3 8 3 6 3 6 5 6 7 3 3 2 6 3 2 4 7 6 8 6 2 2 5 3 6 6 3 6 2 5 3 6 8 3 7 2 7 3 2 7 5 7 5 6 4 1 5 1 4 8 8 8 5 3 4 8 6 5 4 8 7 8 3 5 7 5 5 3 6 2 1 7 5 4 8 3 5 2 7 2 5 7 2 7 6 5 1 7 7 5 7 6 7 3 4 
3 5 6 8 
1 2 3 5 6 8 16 
1 4 5 6 19 23 
2 3 4 5 6 8 28 38 
3 5 6 29 30 33 35 
1 2 6 8 9 36 
3 4 15 
3 4 5 6 7 13 22 23 
5 6 13 
1 2 3 6 7 8 
4 6 23 
4 5 8 11 24 34 
1 2 5 6 22 
1 2 3 6 7 37 
1 2 3 4 6 7 25 
6 8 12 
1 6 19 
4 6 
3 4 6 7 8 35 
4 6 8 
2 5 
2 5 7 18 
1 2 5 6 10 14 15 
2 3 4 5 7 14 
1 4 6 8 21 26 27 35 
1 2 5 14 29 37 
16 22 
6 7 
1 3 4 6 37 
5 6 8 
1 2 3 4 7 19 
1 2 3 4 6 13 
4 8 28 
1 3 5 6 7 24 
14 28 
1 4 5 8 14 
14 30 31 
1 2 3 12 32 37 
1 3 4 5 6 14 16 28 
16 28 31 
1 4 5 6 21 25 26 
1 6 
1 2 3 8 10 31 35 
3 27 35 
1 2 
2 3 5 12 16 30 34 
2 5 7 8 13 
1 2 3 7 8 32 38 
4 5 6 7 8 
1 4 5 7 11 15 
1 3 19 23 
2 
2 5 8 18 19 
22 
2 3 5 36 
1 2 4 6 7 8 20 22 
1 2 3 4 5 6 8 12 
1 3 4 5 6 7 10 21 
3 6 7 27 28 
3 5 10 
4 5 8 15 
2 3 4 6 7 8 16 26 
1 2 4 6 8 21 
2 3 5 7 28 
1 2 4 13 
1 2 5 6 7 15 22 32 
1 2 6 7 9 10 21 
1 3 4 5 6 7 33 36 
3 6 25 
1 4 7 15 24 
1 4 5 6 11 24 36 
4 7 16 25 27 
1 4 5 6 7 
1 2 8 
3 4 6 8 18 33 
5 6 
2 
4 7 8 17 20 21 38 
1 2 3 5 7 
5 7 11 12 
1 3 5 6 8 14 17 38 
2 6 8 
2 10 21 26 32 
6 16 
3 4 5 6 7 8 32 
2 26 
5 7 8 18 28 
2 6 14 17 18 30 35 
6 34 
1 2 4 6 8 17 28 
1 2 4 6 7 8 
1 2 3 16 37 
17 
3 5 6 7 8 19 37 
1 4 5 6 7 8 19 
6 14 25 33 36 
3 4 5 7 8 9 27 
1 2 4 6 7 30 
1 2 3 4 5 6 12 
2 21 37 
1 3 15 18
5 12
16 13
35 16
20 19
12 20
30 6
24 10
8 16
37 5
1 11
32 6
36 18
31 3
9 9
3 15
7 12
25 4
34 19
4 2
13 2
21 10
18 1
38 14
26 18
