4 5
1 2 5
40
208
4 5 5 5 4 7 8 8 8 8 2 2 3 6 8 2 6 8 2 1 7 1 5 8 6 7 4 8 6 3 2 4 3 5 6 5 1 5 6 5 5 2 5 4 2 5 3 3 5 4 8 5 3 6 8 4 6 6 8 6 7 5 7 3 6 6 8 7 6 4 8 3 4 5 5 2 8 8 5 5 3 4 8 4 5 4 8 6 8 6 1 4 5 8 8 6 3 5 8 4 2 7 1 5 7 4 8 5 3 4 6 7 6 4 4 6 5 7 2 5 6 8 6 3 2 5 8 6 5 2 4 3 7 4 8 4 1 2 8 7 7 4 7 7 7 7 2 2 6 5 7 2 8 1 5 4 6 8 7 7 4 5 7 5 6 5 8 4 6 3 3 8 2 2 1 5 1 3 8 2 1 6 6 5 6 6 2 6 4 7 6 4 6 8 3 4 2 7 5 8 8 6 5 6 5 8 4 2
1 2 4 25 
2 4 7 8 14 
8 14 17 26 28 
2 3 7 18 20 
5 6 8 38 
3 4 5 7 8 25 26 
2 4 6 8 10 15 29 31 
1 2 5 6 7 8 16 32 
1 2 4 6 7 8 11 14 
2 3 4 5 8 17 30 37 
7 13 
1 13 
5 8 12 
1 3 4 8 15 32 
1 2 3 5 7 8 11 25 
5 6 
1 2 12 20 28 38 
1 2 6 7 8 10 25 27 
6 38 
4 
1 3 6 7 12 29 37 
8 
1 4 5 19 22 
2 3 4 5 15 21 30 38 
1 2 3 5 7 8 
1 2 5 7 8 20 34 
1 7 8 25 
2 3 4 6 7 8 25 31 
2 4 5 6 7 27 
2 4 5 
6 38 
1 3 4 28 
1 17 29 
2 4 5 23 30 
1 2 3 5 6 31 
1 6 8 15 29 
4 
1 5 7 13 35 
1 2 3 4 7 8 
3 4 7 8 38 
4 5 7 15 20 
5 6 
2 3 5 8 21 
1 3 21 29 
3 4 
1 2 6 7 8 
1 4 18 
4 6 29 
4 7 19 21 36 
7 8 30 31 
1 3 4 15 21 23 26 28 
3 4 14 16 17 
4 7 27 
1 3 4 6 7 29 
1 4 5 6 7 8 37 38 
2 4 7 25 
2 4 5 6 15 17 
2 4 5 6 8 34 
1 2 5 6 7 27 34 36 
1 4 5 6 25 35 
2 3 4 6 7 18 37 
3 6 7 8 20 
1 4 12 17 24 27 31 
6 16 23 
3 7 8 20 25 26 
4 10 13 21 29 33 
1 3 5 6 7 13 21 34 
1 2 3 5 6 7 8 
1 4 6 7 15 16 
3 6 8 13 
1 2 3 4 5 6 7 8 
4 7 13 
3 6 7 27 
2 5 7 9 36 
1 2 4 5 6 
1 6 
2 3 4 5 7 8 26 33 
1 3 4 7 8 9 12 18 
1 2 4 5 24 
7 8 25 27 36 
3 6 7 
1 2 4 8 
2 4 8 13 19 20 22 29 
2 4 8 20 
1 2 3 7 8 
4 6 7 25 
1 2 3 5 6 7 8 25 
1 4 5 8 15 26 
2 3 4 5 8 23 26 29 
3 5 8 10 15 16 
34 
3 4 7 20 
2 5 7 8 30 
1 3 4 5 6 8 20 30 
1 2 3 5 7 8 20 26 
1 2 4 5 6 7 
25 33 34 
2 3 22 28 31 
1 2 5 7 10 13 15 33 
1 2 3 8 
2 27 
1 2 3 4 6 7 24 
6 
3 6 8 11 31 
1 2 3 4 8 9 27 
1 2 7 18 
1 2 3 4 5 6 7 17 
1 2 22 33 36 
5 6 36 
1 3 4 6 
1 4 7 19 31 36 
3 4 5 8 16 20 28 
1 3 5 8 15 33 
3 6 7 17 
2 8 17 20 
1 2 5 7 8 25 
4 5 6 9 26 
2 3 4 5 7 8 20 
5 6 
1 3 5 6 8 
2 5 6 7 19 29 
1 2 5 7 8 12 14 30 
4 5 6 7 8 30 
6 8 12 
1 4 
6 8 13 23 27 
4 5 6 7 8 18 20 27 
1 2 4 6 8 15 
2 5 12 13 30 
4 8 
4 5 8 12 
3 8 11 
1 3 4 5 7 8 24 
5 6 8 20 
1 2 3 4 5 6 7 36 
3 6 7 8 
29 
4 8 
1 3 5 6 8 13 15 23 
1 2 3 7 8 26 33 
2 4 6 7 19 20 31 
1 2 6 8 
1 4 5 7 8 11 29 
1 2 4 6 7 8 24 
1 2 3 6 7 8 23 
1 2 3 4 5 6 8 
8 21 
2 4 
1 5 7 8 13 33 
6 8 9 12 17 
1 5 8 19 23 33 34 
1 6 
1 2 3 4 5 6 7 8 
18 
3 4 6 7 8 
4 7 8 14 
1 5 6 7 10 14 
1 3 4 5 6 7 8 32 
6 7 8 24 27 31 35 
1 2 4 5 6 8 35 
3 4 6 32 
1 3 4 5 8 
1 2 3 4 5 14 23 
3 4 5 7 38 
2 3 4 5 8 16 
1 2 6 8 14 
1 2 3 4 6 7 15 29 
1 6 19 22 
4 5 6 13 14 36 
1 3 8 
6 7 28 
1 2 3 4 6 7 8 18 
19 27 
6 9 
6 
1 2 3 6 16 
28 
1 15 26 
1 2 3 4 6 8 13 21 
6 13 
28 
2 4 5 6 8 15 
1 2 4 5 6 8 
1 3 5 15 29 
1 2 6 8 19 30 
1 5 6 7 14 24 
2 8 
1 2 3 4 6 11 
2 5 7 26 
1 2 4 8 10 32 35 
2 5 8 35 37 38 
3 4 8 30 
1 2 3 4 6 8 
1 2 3 4 5 6 8 28 
1 3 4 
5 6 33 36 
7 8 
1 3 5 6 7 8 27 
3 5 6 7 21 
1 2 3 4 5 7 8 35 
2 4 7 8 9 16 30 32
1 6 7 8 17 24
5 6 7 8 9
1 2 4 16 31 33
1 3 4 6 7
1 2 3 4 5 7 11 13
1 2 4 7
1 26
5 14
35 13
12 20
30 3
24 15
17 3
37 5
1 15
23 17
32 6
22 16
19 19
11 13
9 20
14 18
3 1
33 6
25 1
7 12
15 9
21 10
2 4
10 10
38 14
