4 5
1 2 5
40
51
4 3 8 7 8 7 3 1 2 7 5 8 8 5 5 6 4 4 1 8 8 1 6 4 6 5 7 4 3 2 5 4 4 3 8 8 7 2 3 7 1 6 7 4 6 4 6 5 3 6 6
1 4 6 7 
3 5 25 
3 5 6 7 8 31 35 38 
1 2 3 4 6 8 24 
1 2 4 5 6 7 8 34 
1 2 3 4 5 6 19 
1 4 7 
4 
3 4 
2 3 4 5 6 33 34 
1 2 5 11 37 
2 3 4 5 7 8 15 26 
1 3 5 6 7 8 30 35 
2 3 4 8 19 
1 5 7 8 9 
2 3 4 8 31 36 
5 8 33 34 
1 3 5 39 
8 
1 2 4 5 6 8 17 31 
1 2 4 5 6 7 8 33 
8 
1 2 4 5 8 27 
1 3 5 39 
2 3 4 8 14 39 
4 5 15 17 28 
1 2 3 6 7 16 36 
6 7 8 28 
7 8 17 
24 25 
1 2 4 8 27 
1 6 24 36 
1 3 4 5 
1 8 33 
2 3 4 5 7 19 27 38 
2 3 4 7 8 17 19 32 
1 2 3 4 5 6 7 
9 37 
2 4 6 
2 4 13 22 25 28 34 
8 
2 5 7 8 25 36 
2 4 5 6 8 22 38 
2 5 8 20 
1 3 4 7 8 11 
1 3 4 5 
2 3 4 7 8 28 
1 2 4 8 15 
1 2 36 
1 6 7 8 33 39 
4 6 7 18 24 37
5 13
16 4
35 18
12 20
24 16
28 9
30 18
17 14
23 8
1 3
19 1
22 15
6 13
32 19
11 11
31 1
9 4
14 6
3 8
29 20
33 7
7 17
34 19
13 11
15 12
21 16
2 7
27 10
18 5
38 9
26 10
10 17
