4 5
1 2 5
40
100
8 3 7 8 8 2 2 8 3 8 5 3 5 4 7 2 7 8 6 5 6 3 6 5 4 6 8 8 8 8 2 8 6 7 5 5 6 7 1 6 5 7 6 2 8 1 8 4 3 2 2 8 5 7 3 4 6 7 8 5 8 6 3 4 2 5 4 1 3 3 7 7 8 5 5 2 8 5 3 5 6 8 6 7 7 7 7 6 8 7 7 8 1 4 6 5 6 2 7 6 
1 3 4 5 6 7 8 32 
5 8 17 
1 2 5 6 7 8 18 
1 5 6 9 11 16 27 39 
1 2 3 4 5 6 7 8 
5 8 
5 17 
2 3 5 7 8 11 26 36 
5 8 11 
1 2 4 10 14 20 25 33 
1 4 6 7 34 
1 2 3 
2 3 5 6 21 
2 3 5 8 
2 4 5 6 9 12 29 
5 6 
1 2 3 4 5 6 8 
2 3 4 8 24 32 34 35 
1 2 3 4 6 7 
1 3 6 8 30 
1 2 3 4 5 6 
5 6 7 
1 2 3 6 7 19 
1 2 5 24 29 
2 5 6 23 
1 2 3 4 8 38 
1 2 3 4 7 8 17 26 
1 2 3 4 5 6 7 8 
1 2 3 6 7 8 14 37 
1 3 5 6 7 8 20 35 
2 5 
1 2 3 4 6 21 29 39 
1 2 3 5 6 8 
2 3 4 5 6 7 8 
1 3 4 5 8 
1 4 18 26 38 
1 2 4 14 26 36 
2 4 5 6 8 18 34 
5 
1 2 3 7 8 21 
2 5 7 21 39 
1 2 3 5 6 7 8 
1 3 5 6 7 8 
5 13 
1 2 3 4 5 7 8 13 
1 
1 3 4 5 6 8 38 39 
1 3 4 5 
1 4 26 
4 5 
1 16 
1 3 4 5 6 7 8 31 
1 4 5 7 18 
1 2 4 5 6 7 8 
2 5 13 
1 3 5 6 
1 3 6 8 11 27 
1 2 4 7 8 9 33 
1 2 4 5 6 8 13 33 
1 2 3 5 15 
3 4 5 7 8 11 18 28 
2 4 5 6 7 8 
4 8 35 
1 6 32 34 
3 5 
1 3 4 7 8 
1 3 7 8 
1 
2 5 28 
3 5 8 
1 2 3 4 5 6 8 
1 2 3 5 7 8 39 
1 2 3 5 7 8 9 15 
6 10 17 29 34 
1 2 3 6 8 
5 8 
1 2 3 5 6 7 8 27 
3 6 7 8 16 
1 16 23 
1 6 9 13 35 
3 4 5 18 30 33 
1 2 4 8 9 13 25 28 
2 3 6 8 14 22 
1 2 3 4 6 7 14 
1 3 6 7 8 10 28 
1 2 4 5 7 34 38 
4 5 6 7 17 19 38 
1 3 5 6 7 34 
1 2 3 4 5 6 7 38 
1 3 4 7 16 17 30 
1 3 4 6 7 16 23 
1 2 4 5 7 8 19 39 
1 
1 6 7 8 
1 2 4 6 7 28 
1 4 5 7 18 
1 4 7 23 31 34 
1 37 
3 4 6 7 8 16 23 
1 4 6 8 9 38 
20 11
12 3
24 4
30 10
8 8
28 11
37 12
23 7
19 12
6 5
11 7
36 19
31 13
9 14
14 6
3 18
39 4
29 15
7 16
33 17
25 19
34 16
13 2
15 1
4 9
21 13
10 3
18 5
38 9
27 10
2 14
26 17
