4 5
1 2 5
40
101
7 5 7 5 8 8 5 5 4 7 1 4 2 3 4 8 4 8 8 2 5 7 6 7 3 4 6 7 7 8 7 6 5 3 8 8 6 5 8 2 3 8 6 8 7 6 5 5 3 8 7 6 7 8 5 7 8 7 5 3 5 6 3 1 7 6 7 7 7 5 3 5 3 4 8 8 4 6 5 3 7 6 6 4 5 2 1 6 5 6 6 3 5 3 6 8 7 2 2 4 7
1 2 3 4 6 7 36 
1 3 4 5 6 
1 2 3 5 7 12 29 
1 2 4 7 23 
1 2 4 5 7 8 9 33 
1 2 3 4 5 6 7 8 
2 4 6 7 20 
2 3 7 8 34 
1 7 8 15 
1 2 3 4 18 25 27 
4 
2 4 6 7 
4 8 
4 8 21 
4 5 7 25 
1 2 3 4 5 6 7 8 
3 4 5 20 
1 4 5 6 7 8 26 29 
1 3 4 5 7 8 20 27 
4 39 
1 2 4 5 8 
1 2 4 5 7 14 23 
1 3 4 6 7 11 
2 3 4 5 7 8 26 
4 6 28 
2 3 4 6 
1 2 3 7 22 38 
1 4 6 7 8 31 33 
1 2 4 6 7 8 38 
1 2 3 5 7 8 12 29 
2 3 5 7 8 15 32 
2 4 6 22 27 38 
1 2 4 7 37 
3 4 7 
1 2 3 4 5 6 15 21 
1 2 3 5 6 7 8 12 
1 2 3 4 6 7 
3 4 6 8 36 
1 2 4 5 7 8 22 26 
4 21 
7 12 14 
1 2 3 4 6 7 8 18 
2 4 6 14 16 30 
2 4 7 8 13 24 38 39 
1 4 5 6 7 8 39 
1 2 3 4 6 7 
1 3 4 5 8 
1 2 4 7 17 
1 34 35 
1 2 7 8 12 26 30 36 
2 3 4 5 7 12 36 
2 4 14 22 32 37 
1 3 6 7 8 11 12 
2 6 7 23 27 32 35 38 
6 7 8 15 26 
2 4 5 8 22 25 28 
1 2 4 5 6 7 8 14 
1 2 3 4 5 8 19 
2 3 7 11 12 
1 7 34 
1 2 4 6 8 
2 3 7 20 34 37 
3 33 34 
15 
3 4 5 8 11 26 34 
4 5 6 7 8 30 
2 4 5 7 8 15 26 
2 3 4 5 6 8 25 
1 2 3 4 8 17 33 
3 4 6 7 16 
3 7 34 
2 3 8 23 34 
3 4 9 
4 6 10 35 
1 2 3 4 6 7 8 36 
1 2 3 4 5 6 7 8 
1 4 11 18 
2 4 5 7 8 16 
2 4 6 7 16 
3 4 28 
1 2 4 5 6 8 19 
1 4 5 7 13 27 
4 6 8 11 17 36 
4 6 7 17 
1 3 4 21 22 
26 34 
15 
1 6 22 27 28 29 
1 3 4 6 38 
1 2 3 4 7 20 
1 2 3 4 6 13 
4 8 29 
1 4 5 8 14 
15 31 39 
1 2 3 12 33 38 
1 3 4 5 6 14 16 28 
1 4 5 6 22 26 27 
1 4 
3 4 
1 4 5 26 
2 3 5 12 17 31 35
5 17
16 9
35 12
20 14
24 2
28 13
8 14
17 10
37 2
30 16
19 9
32 4
1 17
22 18
23 18
11 5
6 19
36 20
9 6
14 3
3 8
39 5
29 3
33 11
25 4
7 15
13 7
21 12
2 16
10 1
18 20
26 8
