4 5
1 2 5
40
200
2 7 7 8 8 3 5 8 6 2 4 2 4 7 2 7 2 4 5 5 7 6 4 4 8 7 7 2 6 2 6 2 5 4 3 2 8 6 1 8 3 3 6 5 6 3 2 2 7 7 8 4 7 8 1 5 8 6 4 6 4 4 1 6 5 8 5 6 7 5 5 6 1 6 8 7 6 2 5 2 8 7 3 7 8 1 1 7 7 4 6 5 7 7 4 7 7 6 5 7 4 3 4 8 8 6 8 7 6 2 6 4 4 5 7 5 8 2 4 8 6 4 7 4 1 8 5 7 8 2 4 6 7 7 7 4 2 8 3 8 5 7 7 7 3 8 3 6 8 6 4 6 7 7 5 7 4 7 1 7 7 7 2 1 6 7 4 7 7 4 4 8 5 6 7 2 8 6 8 7 2 2 8 8 6 7 4 5 5 4 5 1 7 8 5 3 7 6 3 5 
7 8 
1 3 4 5 6 8 27 
1 2 4 5 6 7 8 
1 2 5 6 8 16 21 36 
3 4 6 14 23 26 27 31 
4 5 9 
1 2 5 6 7 
1 2 3 4 5 6 7 8 
1 2 3 6 14 20 
4 15 
2 4 24 35 
2 3 
1 2 6 19 
1 2 3 4 6 7 23 
4 8 
2 5 6 7 8 10 28 
4 8 
4 11 12 36 
2 5 6 8 9 
1 3 5 15 21 
1 2 3 4 5 7 8 
3 4 5 7 8 22 
1 3 7 37 
3 4 9 29 
1 3 4 6 7 8 19 21 
1 3 5 6 7 8 21 
3 4 5 6 7 8 37 
2 3 
3 4 6 7 8 25 
4 7 
1 2 5 16 37 38 
18 28 
3 5 6 8 30 
5 6 12 35 
2 3 4 
3 7 
2 4 7 10 16 19 25 36 
5 6 7 8 33 34 
7 
2 3 4 5 6 10 21 26 
4 7 8 
7 8 15 
1 2 5 6 8 20 
2 4 7 8 19 
6 13 20 22 32 36 
7 8 17 
1 28 
1 4 
1 2 3 4 8 25 32 
1 3 6 14 30 31 32 
1 3 4 5 6 7 16 19 
1 4 6 22 
3 5 6 8 13 21 27 
1 2 3 5 6 10 37 38 
4 
3 5 7 12 18 
1 3 5 6 7 8 11 16 
1 2 3 4 7 8 
2 3 5 7 
4 7 9 29 30 33 
1 2 4 7 
2 8 14 24 
35 
1 4 6 8 11 17 
2 3 6 8 24 
1 2 3 5 6 25 28 31 
3 5 6 7 8 
2 3 4 8 11 28 
2 4 7 9 13 18 20 
1 3 4 6 17 
1 3 4 5 25 
2 3 4 6 7 8 
2 
1 2 5 6 8 32 
1 2 4 6 8 10 24 28 
1 2 5 6 8 15 37 
2 3 4 5 7 33 
7 11 
1 5 7 8 38 
2 7 
1 2 3 6 7 8 22 33 
2 4 5 6 7 15 20 
4 12 34 
1 4 5 7 8 10 28 
2 3 4 5 6 7 20 29 
4 
2 
1 2 5 8 12 31 32 
1 3 4 5 6 7 11 
1 3 7 18 
6 7 8 10 14 23 
3 4 8 16 31 
1 3 5 7 8 21 24 
1 2 3 4 6 7 12 
1 2 3 8 
3 4 5 6 8 9 37 
1 2 3 5 7 10 31 
2 6 13 18 32 34 
1 2 4 7 26 
2 3 4 6 7 8 9 
2 5 6 10 
7 14 33 
5 7 26 33 
1 2 3 4 6 8 19 38 
3 4 5 6 7 8 18 36 
1 3 5 6 7 13 
1 2 4 5 7 8 10 15 
2 3 4 5 6 7 8 
1 2 3 6 8 13 
6 27 
1 2 5 11 21 29 
4 10 11 24 
1 5 7 8 
1 3 4 7 35 
1 3 6 7 8 9 24 
2 4 5 8 31 
1 4 5 6 14 29 30 32 
9 21 
2 3 4 6 
1 2 3 5 6 7 8 26 
4 5 7 8 19 31 
1 2 4 6 
1 2 3 5 8 9 10 
1 2 5 17 
28 
1 2 3 4 5 6 7 8 
4 6 7 8 13 
2 3 5 7 16 20 23 
2 3 4 7 8 15 29 37 
2 5 
2 3 6 7 
1 3 6 8 15 27 
2 5 7 8 13 17 36 
1 2 4 5 7 15 37 
1 2 3 4 7 10 36 
1 4 6 27 
2 4 
1 2 3 4 5 6 8 13 
6 12 22 
1 2 3 8 21 24 34 38 
3 6 7 17 19 
3 4 8 20 22 30 37 
3 5 6 7 8 9 10 
2 3 4 5 7 8 25 
2 3 24 
1 2 3 4 5 7 11 27 
6 7 11 
1 2 4 5 7 36 
1 3 4 5 7 8 17 32 
1 2 3 5 6 7 
1 2 5 14 
1 4 6 7 24 36 
3 6 7 11 12 27 31 
2 3 4 5 8 12 36 
1 4 7 16 17 
2 4 5 6 7 8 34 
1 15 19 24 
2 4 5 6 23 30 38 
7 
1 3 5 6 7 14 17 
1 2 11 18 23 29 36 
2 6 8 9 12 19 24 
1 2 
4 
2 3 5 6 7 8 
2 3 6 8 9 32 35 
2 4 6 36 
1 2 5 6 11 17 26 
3 7 14 18 19 27 33 
1 6 7 8 
1 7 8 26 
1 2 7 8 9 15 21 23 
2 7 8 17 28 
2 5 6 7 11 12 
1 3 4 7 8 24 38 
1 4 
2 5 6 7 8 9 33 34 
1 5 6 7 8 31 
1 2 3 4 5 8 17 18 
1 4 5 7 25 35 38 
22 27 
1 7 
2 3 4 5 7 8 23 36 
1 2 3 5 6 7 8 15 
1 2 3 6 7 8 
1 2 3 5 7 8 14 
1 5 6 35 
1 6 10 30 37 
4 5 7 10 30 
2 3 4 6 
1 2 5 7 38 
27 
1 3 4 8 20 28 32 
1 3 4 5 6 8 24 38 
1 3 6 7 8 
15 18 19 
1 2 3 5 6 7 8 
1 2 4 6 7 17 
2 3 7 
1 4 7 16 30 
5 19
16 6
20 15
12 19
24 4
8 8
17 16
37 17
23 6
19 7
32 11
1 13
6 2
11 3
36 12
31 8
14 11
3 14
29 13
33 10
25 9
34 20
13 15
21 3
10 7
38 4
18 10
26 20
