4 5
1 2 5
40
201
8 7 5 5 8 3 3 6 6 6 5 7 5 7 4 5 4 8 4 6 8 5 3 3 3 6 4 5 7 7 6 8 4 5 5 7 7 6 4 7 1 7 5 3 8 4 5 5 7 7 7 4 5 5 6 8 8 8 6 4 3 6 5 2 1 8 8 3 4 6 7 4 8 7 5 6 7 8 4 8 8 8 6 6 2 6 1 3 8 6 3 6 8 1 5 5 6 7 4 5 4 6 8 8 7 5 8 6 3 7 6 8 8 6 5 5 6 8 5 6 4 2 8 8 7 4 3 2 6 8 5 7 5 6 5 4 6 5 5 7 4 8 4 7 8 1 8 4 8 4 4 7 1 7 5 6 4 6 6 4 4 5 5 6 5 7 6 8 8 2 5 4 5 2 7 6 7 3 6 8 3 7 4 7 8 2 8 2 7 8 8 6 7 8 6 7 7 4 4 1 2 
1 2 3 4 5 6 7 22 
4 6 8 14 28 35 37 
4 5 6 8 26 
2 3 4 7 15 
1 2 3 4 5 6 8 18 
1 2 29 
5 8 13 
1 3 6 8 13 34 
2 3 5 6 7 14 
1 2 3 4 7 8 
1 2 5 6 34 
1 3 4 5 12 17 28 
1 2 3 5 6 
1 2 3 4 5 17 19 
1 2 4 35 
2 5 8 14 28 
1 4 7 26 
2 4 5 10 12 21 24 39 
2 3 6 39 
2 3 4 7 16 20 
1 2 4 7 8 12 13 31 
2 5 6 19 32 
6 8 35 
2 4 5 
2 3 6 
1 2 3 4 5 8 
2 5 13 14 
2 5 15 26 28 
1 2 3 4 5 6 8 
1 2 5 6 8 9 27 
1 2 4 17 28 36 
1 2 3 4 5 6 7 8 
1 7 8 26 
1 5 6 17 28 
5 7 20 26 28 
5 8 11 17 27 31 36 
1 3 4 8 26 27 31 
2 4 6 12 13 38 
1 2 5 24 
1 3 4 5 6 21 36 
13 
2 3 6 8 18 27 37 
1 3 4 5 32 
9 22 32 
1 3 5 8 13 19 21 29 
1 2 4 8 
4 5 20 27 32 
1 2 3 6 7 
1 3 7 8 13 27 33 
2 4 5 6 7 29 37 
3 4 6 12 16 18 35 
3 4 17 36 
2 6 14 34 36 
1 2 7 38 39 
1 2 3 7 8 23 
1 2 4 5 6 7 8 35 
4 5 6 7 17 22 26 28 
1 2 5 8 12 14 28 39 
2 3 5 6 10 24 
2 5 26 29 
2 23 26 
1 2 3 8 14 35 
1 2 5 7 37 
7 13 
26 
1 2 4 5 6 7 21 35 
1 2 3 5 6 7 8 9 
2 6 7 
1 2 4 15 
2 3 4 5 7 8 
2 3 4 5 6 8 25 
1 2 6 7 
1 2 3 6 7 8 19 28 
2 4 5 8 13 15 23 
1 6 10 17 25 
6 8 17 20 25 30 
2 3 4 7 12 14 34 
1 2 3 4 5 6 7 28 
2 4 6 8 
1 2 3 4 5 6 7 8 
1 2 3 5 7 8 25 36 
2 3 4 5 6 7 8 10 
2 3 4 7 8 30 
1 2 4 6 8 35 
13 31 
2 3 5 6 8 19 
2 
1 8 32 
3 4 7 8 22 24 26 38 
3 4 7 12 17 32 
2 3 8 
1 3 6 13 22 36 
1 2 3 6 7 8 10 12 
2 
1 2 6 7 8 
2 3 4 6 34 
1 5 6 7 8 17 
1 2 3 4 6 8 21 
2 6 7 8 
1 2 6 8 24 
1 2 3 12 
1 2 5 7 8 29 
1 2 3 4 6 7 8 36 
1 2 3 4 5 6 8 39 
1 4 5 6 8 26 32 
3 6 7 35 39 
1 2 3 4 29 32 34 35 
1 2 3 4 5 7 
2 7 12 
1 3 5 6 7 21 38 
1 2 4 8 20 37 
2 3 4 5 6 7 8 30 
1 2 3 5 6 7 19 23 
1 2 8 27 28 39 
1 2 5 6 16 
1 3 8 33 35 
1 4 5 7 8 35 
2 3 4 5 6 7 8 20 
2 3 5 27 38 
2 5 7 8 15 21 
2 4 5 6 
2 35 
1 2 4 6 8 13 15 38 
1 2 4 5 7 21 30 38 
2 3 4 7 24 36 39 
1 2 6 16 
1 2 5 
2 26 
3 6 7 8 32 33 
3 5 8 13 16 26 28 33 
2 3 4 7 8 
2 3 4 7 8 9 22 
3 5 9 13 17 
3 5 7 8 17 29 
1 4 17 28 30 
2 5 6 29 
2 3 4 6 7 8 
1 8 24 26 34 
2 3 19 34 37 
3 4 5 8 30 31 35 
1 2 6 23 
1 2 3 4 5 7 8 33 
4 6 7 21 
1 2 3 5 7 8 23 
1 2 4 5 7 11 21 26 
35 
1 2 3 4 6 7 22 30 
1 2 3 32 
2 3 4 5 6 15 33 36 
1 2 3 8 
1 4 12 35 
1 2 3 7 8 17 26 
2 
2 3 4 5 6 7 8 
4 6 8 20 26 
4 5 7 8 13 38 
2 3 22 34 
4 5 7 8 18 21 
2 3 5 6 8 22 
2 6 7 27 
2 5 21 22 
1 2 6 7 10 
1 2 4 7 16 
2 5 6 8 25 36 
2 5 6 7 8 
2 5 8 9 12 26 29 
1 3 5 6 13 29 
1 2 3 4 5 6 7 34 
1 2 3 4 5 6 7 8 
2 8 
3 5 7 26 33 
2 20 26 38 
1 2 3 6 15 
2 4 
2 3 4 5 6 7 19 
1 2 3 4 8 33 
2 4 6 23 25 28 33 
2 3 5 
1 2 5 6 7 31 
2 3 4 5 6 8 12 37 
1 2 7 
2 4 6 7 8 27 33 
1 2 5 35 
2 4 5 6 7 20 31 
1 2 3 5 6 9 20 37 
2 8 
2 3 4 5 6 7 8 16 
4 32 
2 3 4 5 6 7 30 
4 5 6 7 11 13 14 16 
2 4 5 6 19 26 37 38 
1 2 3 14 22 35 
1 2 4 5 6 7 8 
2 4 5 6 9 25 28 37 
4 5 6 7 26 35 
1 3 4 5 15 21 35 
1 2 5 6 7 22 30 
4 7 33 35 
2 3 6 27 
13 
18 35
5 18
16 14
20 20
12 7
30 1
24 9
8 6
28 15
37 12
1 3
19 2
22 8
23 12
6 4
11 8
36 17
31 13
9 14
14 2
3 10
39 16
29 6
7 9
25 13
33 20
34 5
4 15
15 5
27 11
18 16
38 18
10 19
