4 5
1 2 5
40
53
3 7 3 1 7 7 1 8 5 4 8 8 8 5 4 7 5 8 5 7 7 7 5 8 2 8 7 7 5 2 7 3 8 4 5 4 3 1 2 8 5 5 8 6 7 7 8 5 1 8 7 8 3
3 5 8 
2 3 4 6 7 8 14 
5 7 8 
8 
1 2 3 4 7 8 14 
1 3 6 7 8 31 37 
8 
1 2 3 4 5 7 8 13 
4 6 8 9 36 
1 2 3 23 
2 3 4 5 6 7 8 9 
1 2 3 5 6 8 18 19 
1 2 3 5 6 8 24 38 
2 5 6 8 19 
3 4 5 32 
2 3 4 5 7 8 17 
1 2 4 34 36 
1 2 4 6 7 8 13 16 
3 7 8 19 24 
1 3 4 6 8 14 22 
3 4 11 15 21 23 28 
2 3 4 6 7 8 31 
1 8 16 32 37 
1 5 6 8 9 17 20 39 
6 8 
1 3 4 6 7 21 30 38 
2 3 4 5 8 25 34 
3 5 7 8 20 24 35 
1 3 5 8 16 
7 8 
1 2 7 8 14 21 39 
3 4 34 
1 4 5 7 8 18 27 28 
8 15 17 22 
5 8 14 21 25 
2 3 5 8 
2 8 9 
38 
8 35 
2 3 4 5 6 8 21 35 
1 2 3 6 8 
2 7 14 16 38 
1 4 5 8 11 14 27 34 
2 5 7 8 31 37 
2 3 4 13 18 23 38 
2 5 7 27 32 33 36 
1 4 5 6 8 21 27 35 
3 5 6 8 34 
32 
1 3 4 7 8 11 12 30 
1 2 4 5 7 21 30
1 2 3 5 6 7 8 29
2 6 23
5 3
35 9
16 19
20 20
12 10
24 18
28 7
30 18
17 1
1 11
19 15
22 16
6 11
11 2
36 10
31 8
9 15
14 14
3 13
39 4
29 14
33 3
25 7
7 8
13 4
4 6
15 17
2 2
27 6
18 5
10 9
26 19
