4 5
1 2 5
40
201
7 2 1 3 7 5 6 7 1 6 8 1 2 4 4 3 7 5 6 5 3 5 3 7 4 7 8 1 5 6 3 3 6 5 7 8 4 2 7 4 5 3 5 8 3 8 1 8 8 7 8 7 4 3 5 8 1 7 6 6 8 8 4 5 3 5 2 2 2 7 6 3 3 7 7 7 5 7 3 1 7 8 8 4 5 5 8 2 5 8 8 8 4 6 7 3 3 1 7 7 5 6 4 8 5 5 2 3 6 8 3 5 6 5 5 3 5 5 4 8 4 6 4 5 6 6 5 3 3 2 5 4 6 5 4 4 8 7 4 6 6 6 6 8 6 8 7 7 8 5 4 5 5 7 7 7 8 3 7 5 7 8 7 8 4 2 5 8 8 7 7 5 7 6 8 2 2 5 6 3 5 8 8 2 7 2 6 6 4 4 3 2 8 7 6 5 8 4 7 7 5
1 7 8 12 32 35 37 
4 11 
4 
4 5 6 
1 2 3 6 7 20 25 
2 3 4 5 7 
3 4 5 8 15 32 
1 2 3 4 5 6 33 
7 
1 5 6 7 26 28 
1 2 3 4 5 6 7 8 
7 
4 14 
3 4 5 7 
3 4 5 38 
3 4 8 
1 4 5 8 23 29 39 
1 3 4 6 37 
1 2 5 7 8 17 
1 2 3 7 10 
1 4 32 
4 5 8 10 31 
5 14 16 
2 3 4 5 7 14 17 
4 6 17 20 
1 3 5 6 7 8 25 
1 3 5 6 7 10 27 35 
4 
4 5 8 32 39 
1 6 7 8 12 21 
4 6 27 
3 4 7 
4 5 6 7 27 30 
3 4 5 8 20 
1 5 6 7 8 11 34 
5 6 7 8 13 17 18 35 
7 8 32 36 
4 7 
1 2 3 4 5 6 22 
1 4 6 20 
6 7 8 24 25 
3 4 8 
1 2 3 4 6 
2 4 5 6 7 8 19 31 
3 4 18 
1 2 3 4 6 8 9 38 
7 
1 2 4 5 7 8 11 18 
1 2 6 7 8 10 22 29 
1 2 4 5 6 8 38 
1 3 4 5 6 11 16 23 
2 3 4 7 8 22 35 
1 2 7 18 
3 4 8 
1 3 5 6 7 
1 2 3 4 5 6 7 31 
4 
3 4 5 6 8 22 37 
1 2 4 5 7 8 
2 3 5 6 7 13 
1 2 3 7 9 24 26 33 
1 3 4 5 6 8 26 28 
2 4 6 8 
1 2 6 7 8 
6 7 8 
4 12 17 26 37 
5 7 
4 6 
7 30 
1 4 5 6 7 16 27 
1 4 6 7 28 34 
4 7 13 
4 8 24 
1 2 3 4 6 7 21 
1 2 3 4 5 6 7 
1 2 4 5 6 7 20 
2 6 7 26 38 
1 2 4 6 7 8 34 
5 7 15 
36 
3 5 6 7 8 15 29 
1 2 3 4 7 8 23 31 
1 3 4 5 6 7 8 37 
2 3 6 38 
1 4 5 7 11 
7 8 11 22 32 
2 3 4 6 7 8 23 31 
7 8 
1 6 7 8 17 
1 3 4 5 8 11 23 27 
1 2 3 4 8 15 22 26 
1 2 3 4 5 6 8 14 
2 4 6 13 
1 2 5 6 7 11 
1 3 7 11 17 20 25 
4 6 7 
4 5 6 
4 
2 5 6 7 21 24 33 
2 5 6 7 8 11 34 
4 6 8 27 33 
1 3 4 6 8 39 
4 5 6 19 
3 7 8 13 14 26 31 34 
2 3 4 5 7 
2 5 7 8 23 
7 17 
4 5 6 
2 3 4 5 8 9 
1 3 5 6 7 8 16 18 
3 4 8 
4 5 7 20 27 
1 4 5 8 10 12 
2 5 6 7 15 
3 4 5 7 38 
6 7 8 
5 7 8 20 27 
1 4 8 24 39 
1 2 4 28 
3 4 5 8 14 16 24 35 
4 5 7 8 
2 3 5 7 16 38 
4 8 11 21 
2 9 12 21 29 
1 6 10 11 15 25 
1 2 3 4 8 27 
2 7 19 20 35 
7 8 21 
3 14 34 
8 38 
4 7 8 15 21 
3 4 22 36 
1 4 7 12 15 23 
6 7 26 37 39 
4 6 8 31 
2 3 6 7 
3 4 5 6 7 8 29 32 
1 2 3 4 5 6 16 
2 8 15 31 
1 3 5 8 13 38 
2 3 7 11 26 34 
4 5 6 7 16 28 
1 3 20 26 37 38 
1 3 4 7 8 11 20 34 
1 2 4 5 6 8 
1 3 4 5 6 7 8 33 
1 2 3 4 5 6 8 
1 2 4 5 6 7 29 
2 3 5 7 8 21 23 38 
1 6 7 26 29 
4 5 6 7 
6 7 22 25 32 
2 3 4 8 9 
1 2 3 4 5 7 8 
1 2 3 4 5 7 8 
1 2 5 7 8 16 31 
1 3 4 5 6 8 9 12 
4 7 29 
2 4 5 6 7 8 33 
3 8 21 30 38 
1 3 4 5 7 8 13 
1 2 3 4 6 7 8 23 
1 5 7 19 30 31 39 
1 2 3 4 5 6 7 38 
5 7 8 24 
7 12 
2 3 7 26 32 
1 2 3 4 5 6 7 8 
1 3 5 6 7 8 9 31 
1 3 5 6 7 19 35 
1 2 3 4 5 9 19 
1 4 6 7 28 
1 5 7 8 18 20 24 
2 3 4 6 7 38 
2 4 6 7 8 9 19 34 
4 5 
6 38 
2 5 6 7 16 
3 6 14 16 32 33 
4 23 32 
1 2 6 7 8 
1 2 3 4 5 6 8 19 
1 2 5 7 8 17 37 39 
4 13 
2 4 6 8 9 16 31 
4 15 
1 2 4 5 8 22 
1 3 5 6 7 24 
5 7 8 29 
8 16 19 38 
7 8 22 
3 7 
2 5 6 7 18 26 30 34 
5 6 13 21 26 29 36 
4 5 6 7 8 35 
3 4 6 7 8 
1 3 4 5 13 26 34 39 
1 6 7 8 
1 2 3 4 6 15 32 
2 3 5 6 7 18 22 
2 4 17 18 19
5 16
16 6
35 10
20 19
12 19
30 10
28 4
8 1
17 6
24 14
23 3
1 5
32 9
19 11
6 2
22 12
11 17
37 18
31 8
9 11
3 7
39 2
29 17
33 1
25 15
34 15
13 9
2 20
27 13
10 14
26 13
18 16
