4 5
1 2 5
40
50
8 7 6 3 6 1 6 4 2 2 7 6 4 7 5 6 6 7 8 8 2 8 4 3 6 6 8 7 6 4 7 7 3 8 6 8 4 6 6 7 5 3 6 7 5 6 8 5 1 4 
1 2 3 4 5 6 7 8 
1 2 7 8 15 27 31 
1 2 3 4 8 33 
7 8 23 
1 5 7 8 18 33 
8 
3 7 27 32 33 36 
1 4 6 21 
4 8 
5 17 
1 2 4 5 6 7 8 
2 4 6 20 31 35 
2 6 8 9 
2 4 5 6 7 8 21 
3 4 6 7 8 
2 4 5 6 7 23 
2 5 8 35 37 38 
1 3 5 6 8 14 24 
2 4 5 8 15 18 27 37 
2 3 4 7 8 19 23 25 
2 8 
2 3 4 5 6 8 20 24 
4 5 8 30 
2 7 8 
2 4 6 7 8 35 
1 2 3 6 7 12 
1 2 3 5 7 12 31 33 
1 3 4 5 6 8 30 
3 5 7 19 20 24 
1 5 18 30 
3 4 5 6 11 16 30 
1 2 4 6 7 23 32 
3 5 8 
1 2 3 4 6 8 12 13 
2 7 8 11 23 35 
5 6 8 11 21 30 32 36 
1 3 4 10 
1 2 5 7 15 28 
2 3 4 20 31 37 
1 2 4 5 6 7 17 
4 10 19 25 26 
6 8 33 
1 4 5 6 7 8 
1 2 7 14 17 33 37 
1 4 8 32 35 
1 5 7 8 12 22 
2 3 5 7 8 15 29 35 
1 2 3 6 8 
8 
4 5 7 8 
5 4
16 15
35 18
24 14
28 13
1 6
19 9
22 1
32 10
6 9
11 20
9 11
14 14
3 7
29 3
33 7
25 1
7 15
4 16
13 17
2 4
38 2
26 19
18 19
