4 5
1 2 5
40
205
5 5 8 8 6 7 2 8 5 4 5 6 6 2 5 7 6 2 7 5 8 7 2 4 4 4 6 4 6 4 2 3 6 8 7 1 6 8 6 7 3 8 5 3 6 5 5 7 3 8 2 8 5 7 7 5 5 2 4 7 4 5 5 3 2 4 3 6 4 3 6 6 1 3 2 7 4 5 3 7 5 6 6 2 7 7 8 6 8 5 2 8 5 5 7 6 7 4 8 8 2 2 8 7 7 7 2 4 2 7 2 2 6 3 5 5 8 7 2 5 2 7 3 2 6 2 6 7 2 7 2 8 2 3 2 6 6 7 4 4 5 7 2 5 7 3 5 7 7 5 3 8 2 6 6 4 5 4 8 6 7 5 6 6 6 8 3 4 7 1 8 5 7 5 7 6 8 4 6 8 5 7 3 4 2 4 6 5 6 7 2 7 8 2 6 4 8 8 3 5 7 8 2 2 8
2 6 29 33 34 
3 7 23 29 37 
1 3 4 5 7 9 23 30 
1 2 3 4 5 6 12 15 
4 5 7 14 32 36 
1 2 4 6 7 8 19 
7 29 
1 3 5 7 8 30 35 37 
2 3 7 16 38 
1 3 5 19 
7 8 20 22 35 
3 4 7 16 36 38 
4 5 6 9 21 27 
1 5 
3 5 6 20 29 
1 2 6 7 8 12 35 
3 6 8 30 31 32 
3 5 
4 5 7 8 10 27 36 
1 2 4 5 7 
1 2 3 4 6 8 23 31 
2 3 4 5 7 8 33 
4 6 
1 5 6 8 
5 9 23 28 
4 6 7 8 
1 2 4 7 25 38 
2 3 5 17 
2 7 8 21 24 32 
2 3 5 8 
2 7 
5 6 28 
1 3 5 8 15 26 
2 3 4 6 7 20 28 29 
1 2 3 7 13 19 28 
22 
1 2 3 4 5 8 
2 3 4 5 6 7 8 15 
4 6 8 22 25 31 
1 2 3 4 6 7 8 
1 6 8 
2 4 6 7 8 14 19 37 
2 4 6 27 34 
4 16 36 
1 2 3 7 8 17 
1 7 8 18 38 
1 2 3 5 6 
1 2 3 4 5 6 8 
3 5 7 
1 3 4 6 8 21 32 36 
6 8 
2 3 5 8 12 23 30 35 
2 4 6 13 29 
4 6 9 20 26 36 38 
3 4 6 7 9 15 30 
2 3 8 29 32 
2 3 4 7 8 
3 7 
3 5 6 14 
1 2 4 7 11 12 33 
5 7 30 34 
1 5 7 24 34 
2 3 4 5 6 
1 7 8 
3 6 
4 6 7 25 
4 7 14 
3 4 5 6 7 27 
4 6 8 17 
6 19 20 
1 2 3 6 8 39 
4 5 7 8 17 21 
7 
3 4 7 
5 34 
2 3 4 8 14 22 30 
1 5 6 38 
2 4 5 6 7 
4 5 32 
2 3 6 7 19 34 39 
4 7 8 26 33 
1 4 5 6 7 27 
1 3 4 6 38 39 
6 8 
1 2 3 4 5 6 36 
4 5 6 7 14 32 35 
1 2 3 5 6 10 28 34 
2 5 7 8 21 38 
1 2 7 8 14 22 30 36 
1 6 18 30 31 
5 6 
1 2 4 6 7 16 17 29 
3 4 5 6 7 
4 6 8 19 26 
1 4 5 6 8 16 17 
1 2 3 6 19 22 
2 5 7 8 19 30 32 
1 5 19 30 
1 4 5 6 7 8 22 34 
1 2 3 5 6 7 16 31 
5 7 
6 7 
3 4 5 7 18 27 31 38 
1 2 3 5 7 8 26 
1 3 4 5 6 8 36 
1 2 3 5 7 8 19 
5 7 
1 4 6 8 
2 7 
1 4 6 8 19 23 30 
1 5 
6 7 
1 2 6 8 18 35 
2 3 22 
3 5 6 8 12 
2 4 6 7 8 
2 3 5 19 27 30 36 37 
2 4 5 6 7 8 10 
5 35 
2 6 8 26 35 
4 7 
1 3 4 11 19 22 32 
2 22 35 
7 29 
2 6 8 20 29 37 
7 8 
1 2 6 7 8 29 
2 3 4 5 6 7 8 
3 5 
2 3 5 7 8 17 35 
4 5 
1 2 3 4 6 7 8 30 
5 37 
6 8 10 
5 8 
10 14 18 24 37 38 
1 2 3 5 6 7 
1 4 5 8 13 24 39 
1 6 8 39 
1 7 8 37 
2 3 7 17 28 
1 2 3 7 8 16 35 
1 6 
2 3 4 5 37 
1 2 5 6 7 8 38 
2 5 7 
1 2 4 5 13 
1 2 3 4 5 6 8 
1 2 4 6 7 23 26 
2 11 20 22 37 
3 5 36 
1 4 8 10 11 19 22 27 
5 7 
1 4 5 6 20 37 
2 3 5 7 32 39 
2 4 7 35 
2 6 7 8 16 
7 8 19 36 
1 2 3 6 8 9 10 26 
2 4 5 6 26 37 
1 2 4 5 7 8 24 
2 5 6 7 11 
4 7 8 18 20 35 
1 4 5 6 7 13 
2 4 5 7 13 27 
2 4 7 8 19 20 25 35 
1 5 16 
4 5 7 17 
1 3 4 6 7 8 38 
6 
2 3 4 5 6 7 8 31 
1 2 8 22 37 
3 4 5 7 8 15 37 
1 7 8 16 21 
1 5 6 7 8 28 36 
1 2 4 5 6 32 
2 4 7 8 18 21 29 38 
1 5 7 30 
1 3 5 22 28 33 
2 3 5 6 7 8 14 16 
3 4 5 7 14 
1 2 4 7 15 16 25 
1 6 8 
3 6 11 28 
1 6 
1 3 5 18 
1 2 3 5 6 7 
3 4 5 6 10 
1 3 4 7 8 12 
1 2 4 6 7 8 31 
5 8 
3 4 6 7 8 29 33 
1 2 3 5 6 8 13 21 
7 29 
1 3 6 8 19 38 
3 4 6 33 
2 6 7 8 14 15 21 37 
2 3 5 6 7 8 11 29 
5 6 34 
1 2 3 7 39 
3 4 7 8 10 21 29
1 2 3 4 6 18 29 36
6 36
7 23
2 3 4 6 7 10 11 21
35 17
20 4
12 15
24 3
28 6
8 16
17 19
37 16
23 10
19 7
32 6
1 11
30 20
11 12
36 1
9 9
31 19
14 1
3 20
39 3
33 8
25 8
34 13
4 7
15 5
21 14
2 15
27 2
18 10
26 11
13 18
38 18
