4 5
1 2 5
40
103
2 7 7 6 4 3 7 7 7 6 7 7 7 6 3 4 6 8 6 7 7 6 8 3 7 8 5 7 5 3 7 4 3 4 8 8 7 8 4 8 5 7 8 6 3 8 6 5 1 8 7 8 3 5 6 6 2 3 4 5 5 3 3 8 5 8 6 3 1 1 4 8 6 7 5 3 7 8 3 3 2 5 6 7 7 7 6 7 7 5 7 7 8 5 7 7 6 4 4 5 1 3 8
8 12 
1 3 4 6 8 19 32 
1 2 3 7 8 12 13 
1 3 5 7 10 16 
1 5 8 12 
6 7 27 
2 4 6 8 10 24 36 
2 4 5 6 7 10 14 
1 2 3 4 6 7 27 
1 2 3 8 12 27 
1 2 3 4 8 31 32 
1 2 3 4 5 7 12 
1 5 7 15 16 19 35 
2 3 4 6 8 14 
1 4 27 
5 7 8 10 
5 6 8 19 36 38 
1 3 5 6 7 17 20 22 
2 6 7 8 10 22 
2 3 4 5 7 8 10 
1 2 4 6 7 8 14 
4 6 8 17 19 33 
2 3 4 5 6 8 26 34 
3 4 31 
1 3 4 5 7 26 31 
2 4 5 6 7 8 12 36 
2 5 6 7 28 
6 7 8 10 20 23 30 
1 2 3 6 19 
6 13 19 
2 3 4 5 7 27 29 
1 3 20 22 
6 19 28 
6 7 8 27 
1 3 4 5 7 8 21 34 
4 6 7 8 9 14 25 26 
1 3 4 5 6 10 14 
3 5 7 8 10 14 18 32 
5 6 7 10 
2 3 4 7 8 18 21 38 
6 7 8 26 27 
2 3 6 8 16 22 28 
1 3 4 5 8 20 24 35 
1 3 4 6 30 34 
1 3 12 
2 3 4 6 7 8 19 22 
1 2 3 4 6 14 
1 5 6 7 19 
18 
2 3 4 5 6 7 12 26 
1 6 8 18 19 21 22 
1 2 3 11 12 13 16 23 
4 6 10 
1 7 11 12 38 
2 4 6 7 8 31 
3 5 6 7 8 31 
30 34 
8 34 38 
4 6 7 28 
1 6 7 19 30 
3 5 19 24 38 
1 7 18 
6 14 21 
2 3 4 5 6 7 8 12 
2 6 7 18 31 
1 3 4 8 14 23 25 27 
3 6 8 12 17 36 
2 8 18 
27 
28 
4 6 8 19 
2 4 6 7 8 30 31 33 
1 2 5 8 20 25 
2 3 4 6 14 17 20 
2 3 7 27 30 
2 4 27 
1 2 3 5 7 22 34 
2 3 4 5 6 7 20 21 
5 10 36 
5 28 34 
3 28 
2 5 7 8 10 
1 2 8 27 29 34 
2 5 6 8 13 27 35 
2 4 5 6 7 17 18 
4 5 7 17 18 21 33 
2 5 6 8 28 29 
1 6 7 20 21 36 37 
1 2 3 4 19 23 28 
1 5 13 27 36 
1 2 3 4 6 7 34 
1 2 6 7 8 27 35 
1 2 4 5 6 7 14 29 
2 3 5 8 10 
1 3 4 7 12 14 31 
2 4 6 7 8 14 24 
2 3 4 7 18 36 
3 8 24 28 
4 8 31 33 
1 2 5 7 27 
19
5 7 28
1 4 5 6 7 8 19 20
5 18
35 1
16 6
30 8
24 16
8 14
17 20
37 12
23 9
1 13
32 8
22 13
6 3
11 11
36 19
9 17
3 4
29 15
33 5
7 7
25 20
4 1
15 16
21 10
2 14
13 18
38 6
26 2
