4 5
1 2 5
40
200
8 5 8 5 8 6 7 7 3 7 8 7 8 5 4 3 8 8 8 6 5 8 8 2 5 4 6 6 8 4 2 6 4 8 8 4 2 8 5 3 4 6 7 7 6 3 8 6 8 8 7 5 4 3 8 2 8 6 7 6 6 4 5 7 3 7 8 7 3 8 4 5 2 6 4 4 8 5 8 6 8 7 5 7 4 6 8 5 5 8 7 5 3 5 6 7 8 3 4 3 6 6 8 3 7 5 5 8 4 5 7 7 5 3 5 8 8 7 8 7 4 6 6 1 7 7 7 8 5 4 8 8 6 6 5 2 6 6 4 8 4 6 5 4 4 4 7 6 2 3 8 8 4 6 5 6 5 3 2 3 5 3 8 1 5 4 6 2 8 2 6 7 4 6 5 5 6 6 4 4 5 8 4 5 5 8 2 7 3 4 5 6 5 8 8 4 4 7 7 5 
1 3 4 5 7 8 14 17 
1 3 4 5 25 
2 4 5 6 7 8 14 22 
1 2 3 5 30 
1 2 4 6 7 8 22 24 
1 3 7 22 23 25 
2 3 4 6 7 17 35 
5 6 7 8 17 21 28 
3 8 22 
1 3 5 6 7 8 22 
2 3 5 6 7 8 27 30 
2 3 4 5 6 8 9 
1 2 3 4 6 9 29 32 
1 3 7 8 22 
1 7 26 37 
3 6 21 
1 3 4 5 7 8 21 35 
1 5 6 8 21 33 36 37 
1 2 4 5 6 7 22 33 
4 7 13 14 17 39 
4 8 21 28 38 
1 3 4 5 7 17 30 34 
1 2 3 4 5 6 8 22 
16 37 
1 2 4 5 17 
1 2 9 26 
1 2 3 5 20 30 
1 2 5 8 23 37 
2 3 5 7 19 25 31 36 
4 6 13 22 
7 37 
2 3 4 19 21 28 
1 4 9 34 
2 3 5 9 17 21 25 28 
2 5 6 7 11 22 35 38 
6 7 8 37 
5 9 
1 2 3 5 6 16 21 28 
3 4 6 17 18 
2 21 38 
1 5 22 35 
10 12 13 22 28 32 
2 5 8 15 24 25 32 
1 3 6 7 8 17 27 
1 2 4 5 16 30 
2 22 37 
1 2 4 5 7 8 16 25 
1 2 7 8 9 19 
1 2 3 4 18 25 29 34 
1 4 5 6 7 8 27 37 
1 2 3 6 14 21 38 
1 7 9 27 32 
1 5 9 39 
5 9 30 
1 2 4 5 6 7 8 21 
15 21 
3 4 5 6 7 8 25 30 
3 5 7 10 22 39 
1 2 3 4 8 9 30 
3 4 8 17 29 32 
2 4 7 32 34 37 
4 5 8 22 
1 7 10 19 37 
2 5 8 10 18 25 27 
3 7 17 
1 2 6 7 20 24 25 
1 4 12 19 25 27 33 36 
2 3 5 7 8 30 37 
5 8 9 
1 2 3 4 6 21 22 38 
1 4 6 37 
3 5 8 12 17 
5 17 
4 6 8 9 13 36 
3 5 7 22 
2 3 6 21 
1 2 3 16 22 30 31 39 
1 6 7 16 21 
1 3 4 5 6 8 19 37 
3 4 7 15 30 32 
1 2 4 5 6 7 8 17 
1 3 4 6 8 21 33 
1 2 4 6 37 
1 3 6 7 11 30 37 
9 23 26 32 
1 3 6 7 8 21 
1 3 4 6 7 8 30 32 
2 4 5 8 37 
1 4 7 9 30 
3 4 5 6 7 8 28 37 
1 2 4 8 21 32 34 
2 4 6 8 21 
3 4 17 
2 3 5 34 37 
2 3 4 6 7 9 
1 2 3 5 6 7 21 
1 2 3 5 8 13 21 26 
17 19 38 
1 5 6 22 
6 21 37 
2 3 5 8 22 29 
1 4 6 7 8 17 
1 2 3 6 7 9 11 25 
6 7 21 
2 3 5 7 21 25 33 
2 5 7 8 25 
1 2 6 10 21 
2 3 4 6 8 15 22 33 
3 6 24 30 
2 6 8 26 30 
1 2 4 5 12 30 33 
2 3 4 7 8 10 25 
2 3 4 7 17 
2 18 22 
1 4 8 17 39 
1 2 4 5 17 26 29 39 
1 3 4 5 6 7 29 37 
4 5 6 7 8 17 18 
2 3 5 6 7 25 35 36 
1 6 7 15 29 35 37 
6 7 8 21 
2 3 4 8 10 30 
3 5 7 18 20 22 
17 
2 3 6 7 20 21 25 
2 3 6 7 8 21 26 
1 2 4 6 8 13 21 
1 3 4 5 7 10 34 37 
2 6 8 19 22 
5 12 14 30 
1 2 3 5 6 8 25 27 
2 5 6 7 8 25 31 34 
2 4 7 22 23 28 
1 5 6 27 34 37 
1 2 5 6 21 
17 20 
1 3 4 6 8 17 
5 6 8 16 19 22 
2 7 27 30 
2 3 4 5 6 9 20 30 
1 6 11 17 
3 4 5 8 17 20 
3 4 5 7 9 
2 7 8 22 
2 4 5 25 
5 6 17 20 
1 2 5 7 9 27 34 
3 4 7 14 16 21 
4 22 
19 22 35 
2 3 4 6 7 8 16 17 
1 2 5 6 8 9 21 35 
2 5 8 21 
3 4 6 8 18 30 
1 2 11 22 35 
1 2 3 7 25 32 
5 6 7 8 37 
1 11 30 
1 30 
7 8 22 
1 3 4 6 9 
6 9 24 
1 3 4 5 7 8 9 13 
22 
1 2 3 5 25 
4 6 8 21 
7 13 14 15 18 22 
2 30 
1 3 4 5 7 8 24 37 
1 21 
2 3 6 8 20 30 
7 8 12 16 25 31 33 
7 10 13 22 
1 2 5 6 22 29 
1 2 4 8 37 
6 7 12 21 26 
1 4 6 7 8 22 
1 4 5 7 9 26 
1 3 6 30 
6 26 34 37 
2 3 6 9 16 
3 4 5 6 12 21 23 31 
1 3 7 21 
3 4 7 8 30 
2 3 6 23 25 
1 2 3 5 6 7 8 9 
25 33 
4 5 6 8 19 25 39 
5 7 37 
1 5 6 22 
1 3 5 22 27 
1 2 6 8 30 34 
2 4 5 25 30 
2 5 6 7 20 21 23 26 
1 4 5 6 7 8 10 22 
1 3 6 22 
3 9 25 30 
2 4 5 7 11 18 25 
1 2 3 4 8 16 17 
2 4 7 8 30 
5 12
35 2
16 8
20 14
12 2
24 13
28 8
8 5
1 14
19 7
32 7
23 15
6 1
11 19
36 6
31 10
14 4
3 3
39 16
29 17
7 12
33 19
34 20
4 18
15 6
13 20
2 18
10 1
38 9
26 3
27 13
18 17
