4 5
1 2 5
40
100
6 8 8 8 3 2 7 8 5 3 7 7 8 7 2 2 7 5 7 8 5 3 6 1 3 2 6 3 2 7 6 4 7 5 6 6 6 8 8 4 4 2 3 5 4 1 3 6 6 8 7 6 4 7 7 6 8 6 7 7 5 6 7 5 2 6 8 4 4 5 2 7 6 1 5 3 6 3 5 7 4 6 1 8 8 7 5 8 6 7 4 8 6 3 5 2 5 5 6 5 
1 2 3 4 29 33 
1 2 4 6 7 17 27 34 
1 3 4 5 7 8 12 17 
1 2 3 5 7 8 9 30 
1 12 19 
4 19 
4 6 8 13 17 34 38 
1 3 6 7 8 16 22 28 
6 7 8 20 26 
2 7 35 
3 4 7 8 13 14 35 
1 4 6 7 32 36 38 
2 3 4 5 7 8 29 31 
1 3 4 5 7 8 16 
5 7 
15 28 
1 3 4 6 8 18 35 
1 3 6 7 8 
1 2 6 7 8 13 32 
1 2 3 5 7 18 25 26 
2 3 5 16 25 
7 8 23 
1 5 7 8 18 33 
35 
7 32 33 
7 38 
3 7 27 32 33 36 
3 7 18 
5 17 
1 2 4 5 6 7 8 
2 4 6 20 31 35 
2 3 4 7 
2 4 5 6 7 8 21 
3 4 6 7 8 
2 4 5 6 7 23 
2 5 8 35 37 38 
1 3 4 6 9 26 
2 4 5 8 15 18 27 37 
2 3 4 7 8 19 23 25 
2 4 5 26 
4 5 8 30 
7 29 
2 7 8 
1 2 6 7 35 
1 4 6 7 
7 
1 5 7 
2 4 6 7 8 35 
1 2 3 6 7 12 
1 2 3 5 7 12 31 33 
1 3 4 5 6 8 30 
3 5 7 19 20 24 
1 5 18 30 
3 4 5 6 11 16 30 
1 2 4 6 7 23 32 
2 7 8 11 23 35 
5 6 8 11 21 30 32 36 
1 2 5 7 15 28 
1 5 6 7 22 26 28 
1 2 4 5 6 7 17 
4 10 19 25 26 
1 4 5 6 7 8 
1 2 7 14 17 33 37 
1 4 8 32 35 
1 7 
1 5 7 8 12 22 
2 3 5 7 8 15 29 35 
4 5 7 8 
2 4 8 32 
1 5 7 8 28 
7 32 
1 2 4 7 8 10 19 
1 3 4 5 7 8 
7 
2 6 24 25 34 
7 11 29 
3 4 6 14 26 29 
7 8 32 
1 3 15 30 36 
1 3 5 7 8 15 24 
3 9 28 32 
1 3 4 8 15 32 
7 
1 2 3 5 7 8 11 25 
1 2 6 7 8 10 25 27 
1 3 6 7 12 29 37 
1 4 5 19 22 
2 3 4 5 15 21 30 38 
1 2 3 5 7 8 
1 2 5 7 8 20 34 
1 7 8 25 
2 3 4 6 7 8 25 31 
2 4 5 6 7 27 
1 17 29 
2 4 5 23 30 
17 35 
1 6 8 15 29 
1 5 7 13 35 
1 2 3 4 7 8 
3 4 7 8 38 
5 15
16 2
20 15
12 12
24 11
28 4
8 20
37 1
1 13
23 16
22 10
6 17
11 18
36 13
9 11
31 16
14 8
3 14
33 8
34 19
4 2
13 17
21 14
2 19
10 3
18 1
27 12
38 20
