4 5
1 2 5
40
105
5 4 4 6 3 6 6 3 6 7 6 6 2 7 2 7 8 2 4 1 8 7 8 1 6 3 6 5 7 4 2 3 5 3 4 3 4 3 8 8 1 7 2 3 7 1 6 8 3 7 4 2 6 4 4 6 5 2 6 6 6 7 4 8 4 4 6 4 4 6 4 4 3 5 7 5 3 3 5 8 1 5 7 4 6 7 3 4 8 7 2 8 4 8 3 8 2 2 5 3 6 2 5 5 2
1 6 8 24 37 
7 8 13 19 
6 7 8 28 
2 3 4 5 6 34 
6 19 35 
1 4 8 11 17 23 
1 2 3 4 6 27 
2 4 5 
2 5 6 7 19 33 
1 2 3 5 6 7 13 
1 2 4 5 24 37 
3 4 5 7 22 31 
3 6 
1 3 4 5 6 8 25 
5 8 
2 3 5 7 8 16 22 
2 3 4 6 8 9 12 14 
8 31 
5 8 33 38 
8 
1 2 4 5 6 8 17 30 
1 2 5 6 7 11 29 
1 2 4 5 6 7 8 32 
8 
1 2 4 5 8 27 
5 6 14 
2 3 4 8 14 38 
4 5 14 17 27 
1 2 3 6 7 16 36 
6 7 8 27 
15 32 
7 8 17 
1 2 4 8 26 
2 6 18 
1 6 24 35 
2 7 28 
1 3 4 5 
1 8 32 
2 3 4 5 7 19 26 37 
2 3 4 7 8 16 19 31 
6 
1 2 3 4 5 6 7 
9 36 
2 4 6 
2 4 12 21 25 27 33 
8 
2 5 7 8 24 35 
1 2 3 5 6 7 14 30 
2 3 6 
2 4 5 6 8 22 37 
2 5 8 20 
6 7 
1 3 4 7 8 11 
2 3 6 31 
1 3 4 5 
2 3 4 7 8 27 
1 2 4 8 15 
5 6 
1 6 7 8 32 38 
4 6 7 18 24 36 
1 2 4 6 7 38 
3 4 6 7 21 24 25 
2 3 4 7 
1 2 3 5 6 8 19 37 
1 4 20 29 
2 4 17 28 
2 4 5 6 7 15 
3 4 7 38 
6 8 14 22 
1 2 4 6 10 20 
3 7 8 29 
4 5 7 12 
1 5 8 
2 4 5 7 37 
3 4 6 7 8 27 33 
1 4 8 17 23 
6 7 28 
2 3 8 
1 4 7 8 10 
2 3 4 5 6 8 28 33 
6 
1 2 4 6 7 
4 6 7 8 21 25 28 
4 6 22 35 
1 4 5 6 8 20 
2 3 6 7 13 29 30 
4 6 20 
4 8 16 27 
5 14 16 19 21 24 28 34 
2 3 4 5 7 11 25 
4 8 
2 4 5 8 18 19 33 34 
2 3 7 8 
1 2 3 5 6 12 15 17 
2 4 7 
2 3 4 5 6 7 8 32 
4 6 
6 33 
1 2 3 8 11 
6 7 37 
2 4 8 14 22 28
6 16
3 4 5 6 38
1 2 4 5 21
1 28
5 18
16 9
20 2
35 16
12 20
30 6
24 14
17 18
37 8
23 7
1 19
22 5
32 15
11 11
36 3
31 15
14 6
3 8
33 7
7 10
25 17
34 20
21 4
2 9
10 3
38 5
26 12
18 17
