4 5
1 2 5
40
52
8 4 5 7 2 7 7 5 2 7 3 8 4 5 3 4 3 3 5 2 8 5 5 8 6 6 6 2 7 7 8 6 5 5 8 7 8 3 6 7 3 7 4 8 4 5 6 7 8 5 8 2
1 3 6 8 19 23 32 35 
1 3 7 9 
4 5 6 7 19 
1 2 5 8 16 27 30 
4 31 
2 3 4 5 8 25 33 
3 5 7 8 19 23 34 
1 3 5 8 16 
7 8 
1 2 7 8 13 21 38 
3 4 33 
1 4 5 7 8 18 26 27 
8 15 16 22 
5 8 14 21 24 
4 7 24 
2 3 5 8 
2 8 9 
1 4 7 
3 4 6 7 27 
8 34 
2 3 4 5 6 8 21 34 
1 2 3 6 8 
2 7 14 16 37 
1 4 5 8 11 14 26 33 
1 2 3 4 6 7 
2 5 7 8 30 36 
1 6 14 16 25 29 
4 7 
2 3 4 13 18 23 37 
2 5 7 26 32 35 37 
1 4 5 6 8 21 26 34 
1 2 3 5 6 7 
5 15 17 24 32 
3 5 6 8 33 
1 3 4 7 8 10 12 29 
1 2 4 5 7 20 30 
1 2 3 5 6 7 8 28 
2 6 22 
3 4 5 8 9 20 
3 5 7 15 17 25 35 
7 8 26 
2 6 8 19 31 36 38 
5 6 7 27 
1 2 5 6 7 10 35 37 
2 6 8 12 
3 5 6 7 35 
4 5 7 16 24 26 
1 5 6 7 18 23 24 
1 5 6 9 11 16 27 38 
3 4 6 7 8 
1 2 3 4 5 6 7 8
5 8
5 13
35 6
16 19
12 20
30 18
28 14
17 4
37 17
1 7
19 10
23 7
6 8
11 9
31 3
14 5
3 15
29 2
34 15
13 18
15 6
21 16
2 12
10 19
38 20
