4 5
1 2 5
40
56
6 4 4 3 6 6 8 7 4 4 1 7 8 6 4 6 6 7 7 5 3 6 7 5 2 6 8 5 4 8 1 5 7 6 5 3 6 5 7 4 7 6 8 6 8 7 5 8 6 1 7 4 8 6 3 4
1 2 3 8 19 29 
1 5 7 35 
1 4 6 7 
1 5 7 
2 4 6 7 8 35 
1 2 3 6 7 12 
1 2 3 5 7 12 31 33 
1 3 4 5 6 8 30 
1 3 22 24 
1 5 18 30 
1 
1 2 4 6 7 23 32 
1 2 3 4 6 8 12 13 
2 7 8 11 23 35 
1 3 4 10 
1 2 5 7 15 28 
2 3 4 20 31 37 
1 5 6 7 22 26 28 
1 2 4 5 6 7 17 
4 10 19 25 26 
6 8 33 
1 4 5 6 7 8 
1 2 7 14 17 33 37 
1 4 8 32 35 
1 7 
1 5 7 8 12 22 
2 3 5 7 8 15 29 35 
1 2 3 6 8 
2 4 8 32 
1 2 3 4 5 6 8 13 
2 
1 5 7 8 28 
1 2 4 7 8 10 19 
1 3 4 5 7 8 
2 6 24 25 34 
7 11 29 
3 4 6 14 26 29 
1 3 15 30 36 
1 3 5 7 8 15 24 
3 9 28 32 
2 3 4 5 8 12 13 
1 3 4 8 15 32 
1 2 3 5 7 8 11 25 
1 2 12 20 28 38 
1 2 6 7 8 10 25 27 
1 3 6 7 12 29 37 
1 4 5 19 22 
2 3 4 5 15 21 30 38 
1 2 3 5 7 8 
10 
1 2 5 7 8 20 34
1 7 8 25
2 3 4 6 7 8 25 31
2 4 5 6 7 27
2 4 5
1 3 4 28
5 16
35 11
20 9
16 20
12 12
30 12
24 19
8 14
37 14
23 6
19 10
22 1
32 2
6 18
11 6
36 13
31 15
14 4
3 8
7 3
34 15
4 3
13 5
21 13
15 18
18 8
26 16
38 17
