4 5
1 2 5
40
51
4 3 7 4 3 8 5 6 3 6 5 5 1 6 5 3 4 2 6 3 4 1 7 7 8 5 7 4 7 6 7 5 3 8 8 5 8 6 6 6 2 1 5 8 2 5 2 2 3 8 4
4 6 8 27 
5 7 8 
2 3 4 5 6 7 14 
2 4 6 21 
2 3 13 
2 3 4 5 17 22 31 35 
1 2 5 8 27 
3 4 5 8 11 14 
3 4 24 
2 3 5 8 29 31 
3 5 6 7 8 
1 2 3 5 7 
3 
1 2 3 7 8 21 
1 2 3 5 7 
17 26 28 
2 3 4 6 
3 5 
1 2 3 7 22 38 
18 25 35 
6 8 17 23 
3 
1 4 6 7 8 30 33 
1 2 4 6 7 8 37 
1 2 3 5 7 8 12 28 
1 2 3 6 7 
1 2 5 6 7 8 29 
3 6 8 36 
2 3 5 7 8 15 31 
2 4 6 22 26 37 
1 3 5 8 17 18 25 
1 2 4 7 36 
3 4 7 
1 2 3 4 5 6 15 20 
1 2 3 5 6 7 8 12 
5 7 8 25 34 
1 5 6 7 8 9 11 21 
1 2 3 6 8 35 
1 2 3 4 6 7 
2 3 5 6 8 27 
2 7 
2 
3 4 6 8 35 
1 2 4 5 7 8 21 25 
7 8 
3 5 6 7 9 
4 21 
6 8 
7 12 14 
1 2 3 4 6 7 8 18 
1 3 7 8
5 18
16 1
20 6
24 1
17 5
23 3
1 12
19 15
32 19
6 11
22 20
36 3
31 12
29 14
33 13
25 15
7 18
34 17
13 5
15 10
4 16
10 9
38 19
27 20
