4 5
1 2 5
40
51
5 7 6 6 4 5 4 7 7 8 7 4 7 6 7 5 3 8 8 5 8 6 6 6 5 8 2 2 2 8 4 6 8 7 6 5 5 5 8 8 7 6 7 8 5 7 7 8 7 2 5
1 3 4 7 19 
1 3 5 6 7 8 25 
1 2 4 5 6 34 
1 2 3 7 8 21 
2 3 4 6 
1 5 6 7 13 
6 8 17 23 
1 4 6 7 8 31 33 
1 2 4 6 7 8 38 
1 2 3 5 7 8 12 29 
1 2 5 6 7 8 30 
3 6 8 37 
2 3 5 7 8 15 32 
2 4 6 22 27 38 
1 3 5 8 18 19 25 
1 2 4 7 37 
3 4 7 
1 2 3 4 5 6 15 21 
1 2 3 5 6 7 8 12 
5 7 8 26 35 
1 5 6 7 8 9 11 21 
1 2 3 6 8 36 
1 2 3 4 6 7 
2 3 5 6 8 28 
3 4 6 8 36 
1 2 4 5 7 8 22 26 
7 8 
4 21 
6 8 
1 2 3 4 6 7 8 18 
1 3 7 8 
2 4 6 14 16 30 
2 4 7 8 13 24 38 39 
1 4 5 6 7 8 39 
1 2 3 4 6 7 
1 3 4 5 8 
6 8 17 33 37 
1 2 4 7 17 
1 2 3 7 11 13 14 16 
1 2 7 8 12 26 30 36 
2 3 4 5 7 12 36 
2 4 14 22 32 37 
1 3 6 7 8 11 12 
2 6 7 23 27 32 35 38 
6 7 8 15 26 
2 4 5 8 22 25 28 
3 5 8 14 18 24 36 
1 2 4 5 6 7 8 14 
1 2 3 4 5 8 19 
7 8 
1 2 4 6 8
5 12
35 11
20 8
12 15
30 3
28 10
17 19
37 17
1 7
19 18
22 14
6 20
11 20
36 5
31 9
9 14
14 1
3 5
39 6
29 9
7 8
33 13
25 17
34 4
15 6
21 2
2 18
10 13
38 1
26 2
18 10
27 16
