4 5
1 2 5
40
202
2 8 4 2 7 5 2 2 5 4 2 5 1 3 3 5 4 8 5 3 6 8 4 6 5 6 8 1 6 7 5 7 3 6 2 6 1 8 7 3 3 6 4 1 2 8 3 4 5 5 2 8 1 8 5 3 5 1 4 3 4 8 4 5 4 3 8 4 6 8 6 4 5 8 8 1 6 3 1 5 8 4 2 7 1 5 7 4 8 5 3 4 6 7 2 1 6 4 4 3 1 6 5 7 2 5 6 8 6 1 3 2 2 1 5 8 6 5 3 7 4 8 4 8 7 7 4 3 7 7 1 2 7 7 2 2 6 5 7 1 2 8 5 4 6 8 7 7 4 5 7 5 6 5 8 4 2 6 3 3 8 2 2 1 1 5 3 8 1 2 6 1 2 6 5 6 6 2 6 4 7 6 4 6 8 3 4 2 7 5 1 8 8 6 5 6 5 8 3 4 2 6 
7 11 
1 2 3 6 7 8 24 30 
3 7 9 21 
2 6 
1 4 5 6 7 8 17 
4 5 7 15 20 
2 5 
5 6 
2 3 5 8 21 
1 3 21 29 
3 4 
1 2 6 7 8 
7 
1 4 18 
4 6 29 
4 7 19 21 36 
7 8 30 31 
1 3 4 15 21 23 26 28 
3 4 14 16 17 
4 7 27 
1 3 4 6 7 29 
1 4 5 6 7 8 37 38 
2 4 7 25 
2 4 5 6 15 17 
1 2 3 7 23 
2 4 5 6 8 34 
1 2 5 6 7 27 34 36 
1 
1 4 5 6 25 35 
2 3 4 6 7 18 37 
3 6 7 8 20 
1 4 12 17 24 27 31 
6 16 23 
3 7 8 20 25 26 
2 5 
4 10 13 21 29 33 
32 
1 3 5 6 7 13 21 34 
1 2 3 5 6 7 8 
1 2 9 
1 5 10 
1 4 6 7 15 16 
3 6 8 13 
3 
1 7 
1 2 3 4 5 6 7 8 
4 7 13 
3 6 7 27 
2 5 7 9 36 
1 2 4 5 6 
1 6 
2 3 4 5 7 8 26 33 
2 
1 3 4 7 8 9 12 18 
1 2 4 5 24 
2 3 24 
7 8 25 27 36 
7 
2 7 24 37 
3 6 7 
1 2 4 8 
2 4 8 13 19 20 22 29 
2 4 8 20 
1 2 3 7 8 
4 6 7 25 
2 7 9 
1 2 3 5 6 7 8 25 
1 3 5 7 
1 4 5 8 15 26 
2 3 4 5 8 23 26 29 
3 5 8 10 15 16 
3 4 7 20 
2 5 7 8 30 
1 3 4 5 6 8 20 30 
1 2 3 5 7 8 20 26 
1 
1 2 4 5 6 7 
1 2 3 
2 
2 3 22 28 31 
1 2 5 7 10 13 15 33 
1 2 3 8 
2 27 
1 2 3 4 6 7 24 
6 
3 6 8 11 31 
1 2 3 4 8 9 27 
1 2 7 18 
1 2 3 4 5 6 7 17 
1 2 22 33 36 
5 6 36 
1 3 4 6 
1 4 7 19 31 36 
3 4 5 8 16 20 28 
1 9 
32 
1 3 5 8 15 33 
3 6 7 17 
2 8 17 20 
1 2 5 
3 
1 2 5 7 8 25 
4 5 6 9 26 
2 3 4 5 7 8 20 
5 6 
1 3 5 6 8 
2 5 6 7 19 29 
1 2 5 7 8 12 14 30 
4 5 6 7 8 30 
3 
6 8 12 
1 37 
1 4 
3 
6 8 13 23 27 
4 5 6 7 8 18 20 27 
1 2 4 6 8 15 
2 5 12 13 30 
3 8 11 
1 3 4 5 7 8 24 
5 6 8 20 
1 2 3 4 5 6 7 36 
3 6 7 8 
1 3 5 6 8 13 15 23 
1 2 3 7 8 26 33 
2 4 6 7 19 20 31 
1 2 6 8 
5 7 10 
1 4 5 7 8 11 29 
1 2 4 6 7 8 24 
3 
32 38 
1 2 3 6 7 8 23 
1 2 3 4 5 6 8 
8 21 
2 4 
1 5 7 8 13 33 
6 8 9 12 17 
1 5 8 19 23 33 34 
7 
1 6 
1 2 3 4 5 6 7 8 
3 4 6 7 8 
4 7 8 14 
1 5 6 7 10 14 
1 3 4 5 6 7 8 32 
6 7 8 24 27 31 35 
1 2 4 5 6 8 35 
3 4 6 32 
1 3 4 5 8 
1 2 3 4 5 14 23 
3 4 5 7 38 
2 3 4 5 8 16 
1 2 6 8 14 
1 2 3 4 6 7 15 29 
1 6 19 22 
1 15 
4 5 6 13 14 36 
1 3 8 
6 7 28 
1 2 3 4 6 7 8 18 
6 9 
7 23 
6 
7 
1 2 3 6 16 
1 15 26 
1 2 3 4 6 8 13 21 
7 
6 13 
2 4 5 6 8 15 
3 
3 9 
1 2 4 5 6 8 
1 3 5 15 29 
1 2 6 8 19 30 
1 5 6 7 14 24 
2 8 
1 2 3 4 6 11 
2 5 7 26 
1 2 4 8 10 32 35 
2 5 8 35 37 38 
3 4 8 30 
1 2 3 4 6 8 
1 2 3 4 5 6 8 28 
1 3 4 
5 6 33 36 
7 8 
1 3 5 6 7 8 27 
3 5 6 7 21 
2 
1 2 3 4 5 7 8 35 
2 4 7 8 9 16 30 32 
1 6 7 8 17 24 
5 6 7 8 9 
1 2 4 16 31 33 
1 3 4 6 7 
1 2 3 4 5 7 11 13 
1 2 9 
1 2 4 7 
1 26
1 3 4 5 8 9
5 6
16 3
20 10
12 7
24 18
28 12
8 5
17 10
37 13
23 16
19 14
22 17
11 13
36 11
9 12
31 19
29 16
33 20
25 6
34 11
13 3
4 4
15 8
27 4
10 5
26 1
38 18
18 20
