4 5
1 2 5
40
58
3 6 6 5 6 6 8 2 3 2 2 1 7 8 4 5 6 8 3 7 8 6 5 4 6 8 7 7 5 7 6 5 8 4 2 6 3 8 2 2 5 3 8 6 6 5 6 6 2 6 4 7 6 4 6 8 3 4
7 8 23 
5 6 7 15 29 31 
2 3 4 5 8 11 
1 4 5 6 12 
1 3 5 6 7 8 
1 3 5 6 8 12 
1 3 5 6 8 13 24 29 
3 23 
2 3 12 
1 6 
1 19 
8 
1 3 8 10 11 28 38 
2 3 5 6 8 33 37 38 
1 2 6 8 
4 5 7 16 27 
1 4 5 7 25 32 
1 2 3 4 5 6 7 8 
5 8 13 
1 6 7 26 29 31 34 
2 3 6 7 8 9 12 17 
1 2 3 4 8 29 
3 4 6 7 8 
4 7 8 14 
1 5 6 7 10 14 
1 3 4 5 6 7 8 32 
6 7 8 24 27 31 35 
1 2 4 5 6 8 35 
1 3 4 5 8 
1 2 3 4 5 14 23 
2 3 4 5 8 16 
1 2 6 8 14 
1 2 3 4 6 7 15 29 
1 6 19 22 
1 15 
4 5 6 13 14 36 
1 3 8 
1 2 3 4 6 7 8 18 
19 27 
7 23 
1 2 3 6 16 
1 15 26 
1 2 3 4 6 8 13 21 
2 4 5 6 8 15 
1 2 4 5 6 8 
1 3 5 15 29 
1 2 6 8 19 30 
1 5 6 7 14 24 
2 8 
1 2 3 4 6 11 
2 5 7 26
1 2 4 8 10 32 35
2 5 8 35 37 38
3 4 8 30
1 2 3 4 6 8
1 2 3 4 5 6 8 28
1 3 4
5 6 33 36
5 19
35 3
16 6
30 6
24 18
28 18
17 14
37 1
19 3
32 2
22 2
6 8
11 17
9 11
14 15
3 12
29 16
7 4
25 4
33 17
34 16
13 9
15 7
21 10
2 5
4 11
38 13
18 14
