4 5
1 2 5
40
204
6 5 6 4 3 6 4 2 3 5 3 2 6 5 3 5 3 6 6 8 3 2 3 7 5 4 5 8 6 7 8 6 1 2 7 7 5 1 3 7 5 5 6 6 5 4 3 8 2 2 6 2 7 6 3 6 5 4 4 3 3 7 6 6 4 2 3 5 7 3 4 2 7 7 4 7 6 1 4 7 7 7 8 8 5 8 5 8 6 7 8 6 3 8 6 4 7 1 2 5 5 7 4 5 6 7 4 6 1 8 2 8 5 7 8 5 4 5 7 5 8 8 6 3 7 2 8 5 4 5 1 6 6 5 7 6 2 7 5 2 8 7 2 2 4 4 4 3 6 4 6 4 3 6 5 8 7 6 8 5 6 7 3 1 5 8 5 3 6 5 3 5 7 3 5 8 2 8 5 1 7 1 7 5 2 5 2 4 7 4 5 5 3 2 4 1 3 6 4 6 4 3 6 6
2 3 4 5 7 10 
4 6 7 34 36 
1 2 4 5 8 29 
1 2 5 8 
1 6 23 
1 2 3 7 8 19 
3 4 5 32 
3 5 
2 6 8 
2 3 5 7 8 
3 4 7 
3 13 
1 3 4 5 6 8 
3 4 6 8 38 
4 8 36 
2 6 7 8 38 
9 10 33 
2 3 5 7 28 33 
4 5 7 8 13 15 
1 2 4 5 6 8 28 32 
1 13 23 
5 32 
1 2 4 
1 2 3 5 6 8 9 
1 3 4 7 19 
1 6 8 31 
2 5 7 18 21 
1 2 3 5 6 8 9 19 
2 3 6 7 15 24 
3 6 7 8 14 21 33 
1 2 3 4 5 6 7 30 
1 5 7 8 19 31 
3 
1 4 
1 2 5 6 8 24 35 
2 3 6 8 16 21 23 
1 2 6 8 22 
4 
1 3 4 
4 5 8 11 15 33 38 
5 6 8 19 33 
3 6 8 11 36 
1 2 5 8 12 25 
3 4 5 7 8 28 
1 2 6 7 8 
2 4 5 8 
1 4 20 
1 2 4 5 6 7 8 37 
8 38 
3 5 
2 4 5 6 7 8 
2 8 
1 3 4 5 6 23 36 
1 5 6 32 33 38 
6 8 37 
1 4 5 6 7 8 
3 4 7 15 31 
1 3 5 12 
1 4 8 26 
4 8 34 
2 4 9 
1 2 4 5 6 7 15 
5 8 16 20 27 38 
3 4 6 7 8 20 
1 4 5 22 
6 8 
2 4 5 
2 6 7 8 17 
1 2 3 5 7 12 20 
2 3 21 
3 6 7 28 
3 31 
2 3 5 7 13 18 21 
1 2 4 5 6 7 30 
1 3 7 35 
1 2 3 6 10 34 37 
4 5 6 7 19 28 
3 
2 3 5 35 
1 2 4 5 8 27 29 
1 2 3 6 7 26 35 
2 3 4 5 25 27 37 
1 2 3 4 5 6 13 30 
2 3 4 5 6 7 14 31 
1 3 4 7 35 
2 4 5 6 7 8 14 16 
3 5 7 15 30 
2 3 5 6 12 30 31 32 
2 3 4 5 6 27 
1 3 4 6 8 15 23 
1 2 3 4 9 14 26 29 
2 6 20 22 24 34 
3 5 8 
1 2 5 6 26 32 35 36 
1 3 6 8 30 36 
4 5 8 9 
3 5 6 7 8 15 35 
3 
2 3 
2 3 6 7 8 
3 4 7 17 21 
5 6 7 8 12 32 35 
1 3 5 23 
1 3 6 7 28 
2 3 6 7 8 38 
1 3 7 8 16 30 37 
2 3 8 17 
1 3 4 5 6 9 
3 
1 2 4 6 8 19 25 27 
3 5 
1 2 3 4 7 8 12 27 
2 6 8 23 24 
3 4 6 7 8 9 15 
2 5 7 8 14 32 35 36 
1 4 5 18 37 
1 2 4 37 
2 6 8 15 27 
1 3 4 5 6 8 29 
3 7 22 28 36 
1 3 4 5 7 9 23 30 
1 2 3 4 5 6 12 15 
4 5 7 14 31 35 
1 9 33 
1 2 4 6 7 8 19 
1 4 
1 3 5 7 8 30 34 36 
2 3 7 16 37 
1 3 5 19 
7 8 20 21 34 
8 
3 4 7 16 35 37 
4 5 6 9 21 26 
3 5 6 19 28 
1 2 6 7 8 12 34 
3 6 8 29 30 32 
3 5 
4 5 7 8 10 27 35 
1 2 4 5 7 
3 4 
1 2 3 4 6 8 23 31 
2 3 4 5 7 8 32 
4 6 
2 4 
1 5 6 8 
5 9 23 27 
4 6 7 8 
1 3 12 
1 2 4 7 24 38 
2 3 5 16 
2 7 8 21 23 31 
2 3 5 8 
5 6 27 
1 3 5 8 14 26 
1 2 4 8 38 
2 3 4 6 7 20 28 29 
1 2 3 7 13 18 27 
1 2 3 4 5 8 
2 3 4 5 6 7 8 14 
1 3 4 8 38 
4 6 8 22 24 31 
1 2 3 4 6 7 8 
1 6 8 
3 
1 2 3 8 36 
2 4 6 7 8 14 18 36 
2 4 6 27 33 
4 16 35 
1 2 3 7 8 17 
1 7 8 17 37 
14 16 25 
1 2 3 5 6 
1 2 3 4 5 6 8 
3 5 7 
4 8 24 27 33 
1 3 4 6 8 21 31 35 
6 8 
2 3 5 8 12 23 29 35 
2 4 6 13 29 
17 
4 6 9 20 25 35 37 
3 
3 4 6 7 9 15 29 
2 3 8 28 31 
2 4 
2 3 4 7 8 
3 7 
3 5 6 14 
1 2 4 7 11 12 32 
5 7 29 33 
1 5 7 24 33 
2 3 4 5 6 
1 7 8 
3 6 
4 6 7 24 
4 
4 7 13 
2 4 8 13 20 35 
2 3 8 33 
3 4 5 6 7 26 
4 6 8 17
6 18 20
1 2 3 6 8 38
4 5 7 8 16 21
5 20
35 14
20 1
16 15
12 17
24 16
28 16
37 13
1 2
19 10
22 20
6 9
11 8
36 18
31 5
9 10
14 4
29 11
7 2
13 12
15 3
2 7
38 19
26 3
