4 5
1 2 5
40
54
3 7 8 8 5 4 4 7 2 7 8 6 5 6 3 6 6 4 4 1 6 5 8 3 2 8 8 8 8 6 7 5 5 5 8 7 6 2 7 6 8 8 4 8 1 8 3 7 4 5 6 7 3 8
7 16 23 
1 2 6 8 9 28 34 
1 3 6 8 11 17 22 35 
2 3 7 8 13 31 32 34 
2 3 5 6 21 
4 7 8 20 
2 3 5 8 
2 4 5 6 9 12 29 
5 6 
1 2 3 4 5 6 8 
2 3 4 8 24 32 34 35 
1 2 3 4 6 7 
1 3 6 8 30 
1 2 3 4 5 6 
5 6 7 
3 6 7 8 30 34 
1 2 3 6 7 19 
3 6 7 26 
2 5 6 23 
37 
1 2 3 4 8 38 
4 6 7 33 36 
1 2 3 4 7 8 17 26 
4 7 23 
3 8 
1 2 3 4 5 6 7 8 
1 2 3 6 7 8 14 37 
1 3 5 6 7 8 20 35 
1 2 3 4 6 21 29 39 
1 2 3 5 6 8 
2 3 4 5 6 7 8 
1 3 4 5 8 
3 6 8 25 38 
1 4 18 26 38 
2 4 6 7 8 11 14 23 
2 4 5 6 8 18 34 
1 2 3 7 8 21 
6 8 
1 2 3 5 6 7 8 
1 3 5 6 7 8 
4 6 8 19 20 21 25 30 
1 2 3 4 5 7 8 13 
2 7 8 39 
1 3 4 5 6 8 38 39 
27 
1 3 4 5 6 7 8 31 
2 8 26 
1 2 4 5 6 7 8 
1 3 5 6 
3 4 6 7 29 
1 3 6 8 11 27
1 2 4 7 8 9 33
6 20 38
1 2 4 5 6 8 13 33
5 19
16 3
20 6
35 20
12 12
24 4
28 10
30 15
17 15
1 6
19 16
32 16
11 1
36 17
9 2
31 19
14 17
3 18
39 12
29 3
7 7
33 11
25 18
34 8
13 1
4 13
21 5
2 2
10 9
18 9
26 5
15 13
