4 5
1 2 5
40
54
5 3 6 8 4 6 5 8 6 7 5 7 3 6 6 8 7 3 6 2 8 3 4 5 8 8 5 1 4 3 8 4 5 4 3 8 4 8 6 4 5 8 8 6 3 5 8 7 7 4 8 5 6 7
3 4 14 16 17 
4 7 27 
1 3 4 6 7 29 
1 4 5 6 7 8 37 38 
2 4 7 25 
2 4 5 6 15 17 
1 2 3 7 23 
1 2 5 6 7 27 34 36 
1 4 5 6 25 35 
2 3 4 6 7 18 37 
3 6 7 8 20 
1 4 12 17 24 27 31 
6 16 23 
3 7 8 20 25 26 
4 10 13 21 29 33 
1 3 5 6 7 13 21 34 
1 2 3 5 6 7 8 
1 2 9 
1 4 6 7 15 16 
1 7 
1 2 3 4 5 6 7 8 
4 7 13 
3 6 7 27 
2 5 7 9 36 
2 3 4 5 7 8 26 33 
1 3 4 7 8 9 12 18 
7 8 25 27 36 
7 
2 7 24 37 
3 6 7 
2 4 8 13 19 20 22 29 
2 4 8 20 
1 2 3 7 8 
4 6 7 25 
2 7 9 
1 2 3 5 6 7 8 25 
1 3 5 7 
2 3 4 5 8 23 26 29 
3 5 8 10 15 16 
3 4 7 20 
2 5 7 8 30 
1 3 4 5 6 8 20 30 
1 2 3 5 7 8 20 26 
1 2 4 5 6 7 
25 33 34 
2 3 22 28 31 
1 2 5 7 10 13 15 33 
1 2 3 4 6 7 24 
1 2 3 4 8 9 27 
1 2 7 18 
1 2 3 4 5 6 7 17
1 2 22 33 36
1 4 7 19 31 36
3 4 5 8 16 20 28
5 1
12 13
24 1
30 17
8 16
37 10
1 7
22 5
32 19
6 2
11 15
36 11
31 6
14 20
3 4
29 2
25 15
34 5
4 3
13 9
15 10
21 14
27 11
38 8
26 14
2 17
10 18
18 19
