4 5
1 2 5
40
200
5 3 7 8 4 8 6 7 8 5 3 5 4 4 8 6 3 7 4 3 3 5 3 3 5 5 6 5 5 8 3 3 8 7 4 8 3 5 5 5 6 5 2 8 1 5 7 1 6 6 8 6 5 6 6 4 4 7 3 6 7 4 5 8 6 4 8 8 3 5 8 6 4 7 7 3 4 5 5 7 6 8 7 7 2 6 6 5 4 6 2 8 6 6 6 7 7 8 4 7 8 6 5 8 4 4 6 6 5 8 5 6 5 5 6 6 1 4 8 7 1 6 2 5 5 1 8 7 3 7 8 7 7 5 6 7 7 7 7 6 7 4 3 4 8 8 6 8 7 6 2 6 4 1 7 5 8 2 4 8 6 4 7 4 8 5 7 8 2 4 6 7 7 4 1 8 3 8 5 7 5 7 8 3 6 5 8 6 4 6 7 7 1 1 7 7 7 7 7 3 
2 3 5 6 17 
5 6 8 
2 7 26 27 32 36 39 
1 3 6 7 16 17 22 26 
3 8 13 33 
3 5 7 8 11 14 25 31 
1 6 8 15 31 39 
1 3 4 6 7 8 36 
1 2 3 4 5 6 8 18 
2 6 8 14 32 
1 6 14 
3 9 30 31 38 
3 5 6 13 
2 5 6 7 
1 3 4 5 6 8 26 27 
3 5 6 8 15 16 
5 6 26 
1 5 6 7 8 11 18 
1 4 5 8 
3 6 35 
9 27 33 
3 4 6 8 22 
5 7 23 
1 5 6 
3 4 5 6 7 
8 11 13 17 38 
1 4 5 6 14 37 
2 4 5 8 34 
5 6 22 27 38 
1 3 4 5 6 7 8 27 
5 7 17 
4 5 11 
1 2 3 4 5 6 8 14 
2 3 4 5 6 7 26 
1 3 4 5 
1 2 3 4 5 6 7 8 
1 4 6 
2 5 6 7 32 
1 5 6 8 16 
1 3 8 30 31 
1 6 7 21 38 39 
1 3 5 26 29 
5 20 
1 2 4 6 8 9 14 25 
34 
3 5 6 15 32 
1 2 3 4 5 7 8 
6 
1 2 5 6 8 11 
3 5 6 7 8 16 
3 5 6 7 9 31 36 39 
1 7 8 12 32 33 
3 6 7 8 14 
1 3 4 5 7 8 
2 4 6 7 8 30 
3 4 7 30 
2 3 5 6 
1 2 3 5 6 8 25 
1 3 6 
2 3 5 8 9 19 
2 3 4 5 7 14 22 
6 7 16 39 
2 3 6 8 27 
3 5 6 7 8 11 12 25 
2 4 5 8 19 25 
1 2 4 5 
1 2 5 6 8 17 21 37 
3 4 6 14 23 26 28 32 
4 5 9 
1 2 5 6 7 
1 2 3 4 5 6 7 8 
1 2 3 6 14 21 
1 2 6 20 
1 2 3 4 6 7 24 
2 5 6 7 8 10 29 
1 5 8 
4 11 13 37 
2 5 6 8 9 
1 3 5 16 21 
1 2 3 4 5 7 8 
3 4 5 7 8 22 
1 3 4 6 7 8 19 21 
1 3 5 6 7 8 21 
3 4 5 6 7 8 38 
3 5 
3 4 6 7 8 26 
1 2 5 16 38 39 
3 5 6 8 31 
5 6 12 36 
5 6 7 8 34 35 
6 8 
2 3 4 5 6 10 22 26 
1 2 5 6 8 21 
1 5 6 18 24 33 
6 13 20 23 33 37 
1 2 3 4 8 26 33 
1 3 6 14 31 32 33 
1 3 4 5 6 7 16 20 
1 4 6 22 
3 5 6 8 13 21 27 
1 2 3 5 6 10 38 39 
3 5 6 8 18 34 
3 5 7 13 18 
1 3 5 6 7 8 11 16 
1 3 6 35 
2 3 5 7 
4 7 9 30 31 34 
1 4 6 8 11 17 
2 3 6 8 25 
1 2 3 5 6 26 28 31 
3 5 6 7 8 
2 3 4 8 11 29 
1 3 4 6 18 
1 3 4 5 26 
2 3 4 6 7 8 
1 2 5 6 8 32 
6 
3 5 6 21 
1 2 4 6 8 10 24 28 
1 2 5 6 8 15 38 
5 
2 3 4 5 7 34 
7 11 
1 5 7 8 39 
1 3 5 6 8 
5 
1 2 3 6 7 8 22 34 
2 4 5 6 7 15 20 
4 12 34 
1 4 5 7 8 10 28 
2 3 4 5 6 7 21 29 
1 2 5 8 12 32 33 
1 3 4 5 6 7 11 
3 5 6 8 25 
6 7 8 10 14 23 
1 3 5 7 8 21 25 
1 2 3 4 6 7 12 
3 4 5 6 8 9 38 
1 2 3 5 7 10 32 
2 6 13 18 33 35 
2 3 4 6 7 8 9 
2 5 6 10 
7 14 34 
5 7 27 33 
1 2 3 4 6 8 19 39 
3 4 5 6 7 8 18 37 
1 3 5 6 7 13 
1 2 4 5 7 8 10 15 
2 3 4 5 6 7 8 
1 2 3 6 8 13 
6 28 
1 2 5 11 21 30 
1 5 7 8 
6 
1 3 6 7 8 9 25 
2 4 5 8 32 
1 4 5 6 14 30 31 33 
5 13 
2 3 4 6 
1 2 3 5 6 7 8 27 
4 5 7 8 19 32 
1 2 4 6 
1 2 3 5 8 9 10 
1 2 5 17 
1 2 3 4 5 6 7 8 
4 6 7 8 13 
2 3 5 7 16 20 24 
2 3 4 7 8 15 30 38 
2 5 
2 3 6 7 
1 3 6 8 16 27 
2 5 7 8 13 18 37 
1 2 4 5 7 15 38 
1 4 6 27 
5 
1 2 3 4 5 6 8 13 
6 12 23 
1 2 3 8 22 24 34 35 
3 6 7 17 20 
3 5 6 7 8 9 10 
5 6 8 12 39 
2 3 4 5 7 8 25 
1 2 3 4 5 7 11 27 
6 7 11 
1 2 4 5 7 37 
1 5 6 8 32 
1 3 4 5 7 8 17 33 
1 2 3 5 6 7 
1 2 5 14 
1 4 6 7 25 37 
3 6 7 11 12 28 32 
2 3 4 5 8 12 37 
33 
6 
2 4 5 6 7 8 35 
2 4 5 6 23 31 39 
1 3 5 6 7 14 18 
1 2 11 18 24 30 37 
2 6 8 9 12 19 25 
1 5 39 
16 7
35 10
20 18
12 9
24 6
28 7
8 15
17 2
37 20
1 2
23 6
19 10
22 11
32 16
36 18
9 4
31 20
14 17
3 9
39 15
29 1
7 12
25 3
13 8
15 5
21 4
2 3
10 1
38 14
4 16
26 17
18 19
