4 5
1 2 5
40
55
4 5 3 7 3 4 6 7 6 5 3 3 7 5 4 8 8 4 6 5 6 6 6 4 8 5 2 6 7 2 5 6 6 6 7 7 4 5 7 5 6 4 1 2 8 8 5 3 8 7 5 4 8 7 8
3 7 9 13 
7 10 11 20 28 
2 11 37 
1 3 4 6 7 8 13 
5 6 7 
1 4 7 20 
4 6 8 13 23 32 
1 3 6 11 27 33 36 
1 2 3 6 8 22 
3 4 6 7 16 
2 3 23 
3 7 33 
3 7 8 29 30 31 36 
2 3 8 23 33 
4 6 10 34 
1 2 3 4 6 7 8 35 
1 2 3 4 5 6 7 8 
1 4 11 18 
2 4 5 7 8 16 
2 4 6 7 16 
2 5 6 7 9 27 
1 4 5 7 13 26 
4 6 8 11 17 35 
4 6 7 17 
1 2 3 5 6 7 8 23 
1 3 4 21 38 
25 33 
1 6 21 27 28 38 
1 2 3 6 8 16 22 
6 7 
1 3 4 6 37 
1 2 3 4 7 19 
1 3 5 6 7 24 
1 2 3 12 32 37 
1 4 5 6 21 25 26 
1 2 3 8 10 31 35 
1 4 5 25 
2 5 7 8 13 
1 2 3 7 8 32 38 
4 5 6 7 8 
1 4 5 7 11 15 
1 3 19 23 
22 
7 8 
1 2 4 6 7 8 20 22 
1 3 4 5 6 7 10 21 
3 6 7 27 28 
3 5 10 
2 3 4 6 7 8 16 26 
3 5 7 8 26 30 32 
2 3 5 7 28
1 3 7 9
1 2 5 6 7 15 22 32
1 2 6 7 9 10 21
1 3 4 5 6 7 33 36
5 16
16 2
20 7
35 18
12 11
30 3
28 8
8 8
17 17
1 6
19 3
32 18
6 13
36 7
9 1
31 10
14 14
3 5
29 17
33 5
34 19
13 9
4 16
21 11
2 19
27 1
18 4
15 20
