4 5
1 2 5
40
102
3 5 3 3 4 2 4 5 8 3 5 2 4 2 5 5 8 5 8 4 5 4 3 8 4 6 8 6 4 5 8 8 1 6 3 1 3 5 8 4 2 7 5 7 4 8 5 3 4 6 7 2 1 6 4 4 3 1 6 5 7 2 5 6 8 6 1 1 2 2 1 5 8 6 5 2 4 3 7 4 8 4 1 2 8 7 7 4 3 7 7 1 2 7 7 2 6 7 2 8 5 4
4 5 6 
4 5 8 10 25 
1 5 8 
2 3 4 
2 5 7 26 
1 3 
1 5 6 8 
2 3 4 5 32 
2 3 4 5 6 7 8 29 
5 6 25 
3 5 8 14 22 
1 16 
2 3 29 33 
1 2 
2 3 5 6 7 
1 2 20 25 26 
1 3 4 5 7 25 28 30 
1 2 3 5 8 
2 4 8 13 19 20 22 29 
2 4 8 20 
1 2 3 7 8 
4 6 7 25 
2 7 9 
1 2 3 5 6 7 8 25 
1 3 5 7 
1 4 5 8 15 26 
2 3 4 5 8 23 26 29 
3 5 8 10 15 16 
3 4 7 20 
2 5 7 8 30 
1 3 4 5 6 8 20 30 
1 2 3 5 7 8 20 26 
1 
1 2 4 5 6 7 
1 2 3 
2 
25 33 34 
2 3 22 28 31 
1 2 5 7 10 13 15 33 
1 2 3 8 
2 27 
1 2 3 4 6 7 24 
3 6 8 11 31 
1 2 3 4 8 9 27 
1 2 7 18 
1 2 3 4 5 6 7 17 
1 2 22 33 36 
5 6 36 
1 3 4 6 
1 4 7 19 31 36 
3 4 5 8 16 20 28 
1 9 
32 
1 3 5 8 15 33 
3 6 7 17 
2 8 17 20 
1 2 5 
3 
1 2 5 7 8 25 
4 5 6 9 26 
2 3 4 5 7 8 20 
5 6 
1 3 5 6 8 
2 5 6 7 19 29 
1 2 5 7 8 12 14 30 
4 5 6 7 8 30 
3 
5 
1 37 
1 4 
3 
6 8 13 23 27 
4 5 6 7 8 18 20 27 
1 2 4 6 8 15 
2 5 12 13 30 
4 8 
4 5 8 12 
3 8 11 
1 3 4 5 7 8 24 
5 6 8 20 
1 2 3 4 5 6 7 36 
3 6 7 8 
29 
4 8 
1 3 5 6 8 13 15 23 
1 2 3 7 8 26 33 
2 4 6 7 19 20 31 
1 2 6 8 
5 7 10 
1 4 5 7 8 11 29 
1 2 4 6 7 8 24 
3 
32 38 
1 2 3 6 7 8 23 
1 2 3 4 5 6 8 
2 4 
1 5 7 8 13 33 
1 5 8 19 23 33 34 
1 6 
1 2 3 4 5 6 7 8 
3 4 6 7 8
4 7 8 14
35 2
20 4
16 11
12 20
24 1
8 9
17 18
37 12
23 5
19 16
22 10
6 15
36 6
9 9
33 7
7 13
34 15
15 17
21 14
10 12
38 7
26 5
18 18
27 19
