4 5
1 2 5
40
104
7 8 6 7 8 3 3 6 1 7 1 2 4 8 3 5 7 5 2 7 6 7 7 5 7 3 7 4 3 8 1 7 8 8 3 6 7 8 5 7 3 8 7 4 2 7 5 7 3 6 1 3 6 2 7 6 4 7 5 6 6 7 8 8 2 8 4 3 6 6 8 7 6 3 8 6 8 4 6 5 3 6 7 5 6 8 5 1 4 4 8 5 7 6 5 6 3 3 7 7 6 8 6 8
3 5 6 7 8 10 33 
1 2 4 5 6 11 21 28 
2 3 4 5 7 12 
1 2 6 7 9 10 22 
1 3 4 5 6 7 34 37 
1 8 21 
1 2 8 
3 4 6 8 18 34 
8 
4 7 8 17 21 38 39 
35 
3 8 
5 7 11 12 
1 3 5 6 8 14 17 39 
2 6 8 
2 10 22 26 33 
3 4 5 6 7 8 33 
5 7 8 18 29 
6 35 
1 2 4 6 8 18 29 
1 2 4 6 7 8 
3 5 6 7 8 19 38 
1 4 5 6 7 8 20 
6 14 25 26 34 
3 4 5 7 8 9 28 
1 8 12 
1 2 3 4 5 6 12 
2 6 7 8 
1 8 34 
1 2 4 6 7 18 28 35 
21 
1 3 4 5 8 34 38 
1 3 4 5 7 8 13 17 
1 2 3 5 7 8 9 30 
1 12 20 
1 2 3 5 6 8 
4 6 8 14 17 35 39 
1 3 6 7 8 17 23 28 
6 7 8 21 27 
3 4 7 8 13 14 36 
3 8 24 
2 3 4 5 7 8 29 32 
1 3 4 5 7 8 16 
3 4 8 39 
1 8 
1 3 4 6 8 18 36 
1 3 6 7 8 
1 2 6 7 8 13 33 
7 8 23 
1 5 7 8 19 34 
8 
5 23 34 
3 7 28 33 34 37 
4 8 
1 2 4 5 6 7 8 
2 4 6 21 32 36 
2 6 8 9 
2 4 5 6 7 8 22 
3 4 6 7 8 
2 5 8 36 38 39 
1 3 4 6 9 27 
1 3 5 6 8 15 25 
2 4 5 8 15 18 28 38 
2 3 4 7 8 19 23 26 
2 8 
2 3 4 5 6 8 20 25 
4 5 8 30 
2 7 8 
2 4 6 7 8 36 
1 2 3 6 7 12 
1 2 3 5 7 12 32 34 
1 3 4 5 6 8 30 
3 5 7 19 21 25 
3 5 8 
1 2 3 4 6 8 12 13 
2 7 8 11 24 36 
5 6 8 11 22 31 32 33 
1 3 4 10 
2 3 4 21 32 38 
4 10 19 26 27 
6 8 33 
1 4 5 6 7 8 
1 2 7 15 17 34 38 
1 4 8 33 36 
1 5 7 8 12 22 
2 3 5 7 8 16 29 35 
1 2 3 6 8 
8 
4 5 7 8 
2 4 8 33 
1 2 3 4 5 6 8 13 
1 5 7 8 29 
1 2 4 7 8 10 20 
1 3 4 5 7 8 
2 6 24 25 35 
3 4 6 15 27 30 
7 8 32 
3 4 8 
1 3 5 7 8 16 25 
2 3 4 5 8 12 14 
1 3 4 8 16 33
1 2 3 5 7 8 11 26
1 2 12 13 20 29
1 2 6 7 8 10 26 27
5 10
16 8
20 14
24 12
28 2
30 18
17 12
37 19
1 1
23 7
32 4
22 5
6 6
19 16
11 13
36 13
31 9
9 18
14 16
3 7
39 1
29 8
7 11
33 11
25 20
13 2
15 5
4 15
2 9
18 6
26 4
38 10
