4 5
1 2 5
40
106
8 5 2 8 5 4 6 1 6 2 5 7 6 2 7 5 8 7 1 2 2 4 4 4 3 6 4 6 1 4 2 3 6 5 8 7 6 8 5 6 7 3 5 8 5 6 5 5 7 3 1 5 8 2 2 8 5 7 7 5 2 5 4 7 4 5 5 3 2 4 6 4 6 4 3 6 6 2 7 4 5 3 7 7 5 5 6 6 2 7 7 8 6 8 5 2 8 5 5 7 1 6 7 4 8 8
3 5 6 8 9 13 24 28 
2 14 16 18 37 
1 4 
1 3 5 7 8 30 34 36 
2 3 7 16 37 
1 3 5 19 
3 4 7 16 35 37 
26 
4 5 6 9 21 26 
1 5 
3 5 6 19 28 
1 2 6 7 8 12 34 
3 6 8 29 30 32 
3 5 
4 5 7 8 10 27 35 
1 2 4 5 7 
1 2 3 4 6 8 23 31 
2 3 4 5 7 8 32 
1 
4 6 
2 4 
1 5 6 8 
5 9 23 27 
4 6 7 8 
1 3 12 
1 2 4 7 24 38 
2 3 5 16 
2 7 8 21 23 31 
2 
2 3 5 8 
2 7 
5 6 27 
1 3 5 8 14 26 
1 2 4 8 38 
2 3 4 6 7 20 28 29 
1 2 3 7 13 18 27 
1 2 3 4 5 8 
2 3 4 5 6 7 8 14 
1 3 4 8 38 
4 6 8 22 24 31 
1 2 3 4 6 7 8 
1 6 8 
1 2 3 8 36 
2 4 6 7 8 14 18 36 
2 4 6 27 33 
1 2 3 7 8 17 
1 7 8 17 37 
1 2 3 5 6 
1 2 3 4 5 6 8 
3 5 7 
2 
4 8 24 27 33 
1 3 4 6 8 21 31 35 
2 38 
6 8 
2 3 5 8 12 23 29 35 
2 4 6 13 29 
4 6 9 20 25 35 37 
3 4 6 7 9 15 29 
2 3 8 28 31 
2 4 
2 3 4 7 8 
3 5 6 14 
1 2 4 7 11 12 32 
5 7 29 33 
1 5 7 24 33 
2 3 4 5 6 
1 7 8 
3 6 
4 6 7 24 
2 4 8 13 20 35 
2 3 8 33 
3 4 5 6 7 26 
4 6 8 17 
6 18 20 
1 2 3 6 8 38 
4 5 7 8 16 21 
5 33 
2 3 4 8 13 22 29 
1 5 6 37 
2 4 5 6 7 
4 5 31 
2 3 6 7 19 33 38 
1 2 3 4 15 26 35 
1 2 8 21 29 
4 7 8 26 32 
1 4 5 6 7 27 
1 3 4 6 37 38 
6 8 
1 2 3 4 5 6 35 
4 5 6 7 14 31 34 
1 2 3 5 6 10 27 33 
2 5 7 8 21 37 
1 2 7 8 14 22 29 35 
1 6 18 29 30 
5 6 
1 2 4 6 7 16 17 28 
3 4 5 6 7 
4 6 8 19 25 
1 4 5 6 8 16 17 
1
1 2 3 6 19 21
2 5 7 8 18 29 31
1 5 19 29
1 4 5 6 7 8 21 33
4 8 9 15 27 30 32 38
16 2
20 5
35 18
12 2
30 5
28 17
8 3
17 13
24 20
23 13
19 8
22 1
31 6
9 11
14 19
3 20
29 7
7 4
25 8
34 6
4 12
15 3
13 12
21 19
27 16
38 14
18 14
10 17
