4 5
1 2 5
40
57
7 1 5 8 6 7 4 8 6 2 5 6 5 5 6 5 5 2 5 4 5 1 3 5 4 8 3 6 8 4 6 5 6 8 6 7 5 7 3 6 6 8 7 6 4 2 8 3 4 5 5 2 8 8 5 3 5
1 3 6 7 12 29 37 
8 
1 4 5 19 22 
2 3 4 5 15 21 30 38 
1 2 3 5 7 8 
1 2 5 7 8 20 34 
1 7 8 25 
2 3 4 6 7 8 25 31 
2 4 5 6 7 27 
6 38 
2 4 5 23 30 
1 2 3 5 6 31 
1 6 8 15 29 
1 5 7 13 35 
1 2 3 4 7 8 
3 4 7 8 38 
4 5 7 15 20 
5 6 
2 3 5 8 21 
1 3 21 29 
1 2 6 7 8 
7 
4 6 29 
4 7 19 21 36 
7 8 30 31 
1 3 4 15 21 23 26 28 
4 7 27 
1 3 4 6 7 29 
1 4 5 6 7 8 37 38 
2 4 7 25 
2 4 5 6 15 17 
1 2 3 7 23 
2 4 5 6 8 34 
1 2 5 6 7 27 34 36 
1 4 5 6 25 35 
2 3 4 6 7 18 37 
3 6 7 8 20 
1 4 12 17 24 27 31 
6 16 23 
3 7 8 20 25 26 
4 10 13 21 29 33 
1 3 5 6 7 13 21 34 
1 2 3 5 6 7 8 
1 4 6 7 15 16 
3 6 8 13 
1 7 
1 2 3 4 5 6 7 8 
4 7 13 
3 6 7 27 
2 5 7 9 36 
1 2 4 5 6 
1 6
2 3 4 5 7 8 26 33
1 3 4 7 8 9 12 18
1 2 4 5 24
2 3 24
7 8 25 27 36
5 8
35 2
16 5
12 18
28 6
17 18
1 1
23 20
22 11
32 11
36 13
9 2
31 14
14 5
3 15
29 4
33 13
34 10
4 4
2 9
27 12
10 19
26 3
18 19
