4 5
1 2 5
40
200
7 4 7 8 8 6 7 5 5 5 5 7 6 4 3 5 6 6 6 4 5 8 5 4 7 6 8 8 6 8 6 5 8 8 2 8 8 5 7 5 4 1 6 6 7 5 6 8 1 6 7 4 5 6 5 1 4 8 8 8 8 6 4 7 8 5 5 6 7 8 3 8 4 6 3 7 5 6 2 8 4 1 8 6 6 7 8 2 8 4 4 7 6 3 6 6 7 6 5 4 5 7 3 5 8 5 6 7 2 5 7 5 6 7 7 4 3 7 8 6 6 7 5 6 5 8 7 5 4 7 6 7 8 6 8 8 3 6 4 7 6 3 5 5 6 5 8 4 7 6 6 6 6 1 6 6 5 3 6 6 7 7 2 6 7 4 8 5 8 5 4 5 8 4 5 8 8 4 8 3 2 2 7 8 7 6 8 4 3 4 5 7 7 7 6 3 3 5 7 2 
4 8 9 29 36 38 39 
4 5 7 8 
3 4 5 7 23 32 39 
2 3 4 5 7 8 23 37 
1 2 3 5 6 7 8 15 
1 2 3 6 7 8 
1 2 3 5 7 8 15 
1 6 10 31 38 
4 5 7 10 31 
1 2 5 7 39 
1 3 6 7 8 
1 2 3 5 6 7 8 
1 2 4 6 7 18 
1 5 14 22 
2 3 7 
1 4 7 16 31 
3 4 6 7 11 13 
1 4 5 7 27 33 
2 4 6 7 14 25 
3 4 7 8 
3 4 6 7 38 
1 3 4 6 7 9 10 38 
6 7 8 9 39 
2 4 6 7 
1 2 3 5 7 8 14 
1 5 6 7 30 32 
1 2 3 4 6 7 8 32 
1 2 3 4 6 8 20 34 
2 6 7 8 11 35 
1 2 3 5 6 8 14 19 
1 3 5 7 8 11 
2 3 5 7 19 
1 2 3 4 5 6 7 8 
1 3 5 6 7 8 13 31 
7 25 
2 3 4 5 6 8 16 33 
1 2 3 5 7 8 20 32 
5 7 10 16 17 
2 5 6 7 8 28 34 
1 2 8 17 34 
1 4 7 8 
27 
1 2 3 8 31 38 
1 2 5 7 8 31 
1 2 4 5 6 7 8 
1 4 6 7 25 
3 4 8 16 19 28 
1 2 3 4 7 8 20 33 
11 
1 4 5 7 14 28 
1 2 3 6 7 8 13 
1 2 5 7 
2 3 4 7 15 
1 3 4 7 25 35 
1 3 4 6 7 
7 
5 7 17 21 
1 2 3 5 7 8 26 27 
1 2 3 5 7 8 22 27 
1 3 6 7 18 20 35 37 
1 3 5 7 8 16 17 21 
2 3 4 6 7 8 
7 19 20 39 
2 3 5 7 8 9 25 
1 2 4 5 6 7 8 20 
2 3 4 6 7 
2 3 5 11 38 
2 3 6 7 8 31 
1 5 6 7 8 22 30 
1 2 4 6 7 11 21 35 
6 7 30 
2 6 7 8 13 17 19 30 
3 6 7 8 
2 3 4 7 8 32 
3 5 27 
2 3 4 5 6 8 38 
1 3 7 8 33 
1 2 5 6 7 8 
7 36 
1 2 3 4 5 6 7 25 
4 7 8 37 
11 
1 2 4 5 6 7 8 13 
4 6 7 8 22 33 
2 6 7 18 19 26 
3 4 7 29 33 35 39 
2 3 5 7 9 20 23 25 
8 38 
2 5 6 8 12 24 35 38 
6 7 8 39 
5 6 8 16 
1 4 5 6 7 8 39 
1 2 5 6 7 22 
2 5 16 
2 4 5 6 7 18 
2 3 6 7 8 12 
1 4 6 7 15 17 22 
1 3 13 20 25 34 
3 5 6 7 8 
3 6 7 13 
1 2 3 7 8 
3 4 8 16 20 25 35 
4 7 39 
2 5 8 17 34 
1 2 3 4 5 7 13 37 
2 3 8 27 39 
1 4 6 7 21 23 
1 2 3 6 8 29 34 
7 15 
7 18 19 34 37 
2 4 5 7 17 23 28 
1 5 7 8 24 
1 7 8 9 10 15 
3 6 7 16 29 33 36 
1 4 6 7 18 28 37 
4 7 8 22 
2 5 11 
1 2 4 5 6 30 38 
1 2 4 5 6 7 8 29 
1 3 4 6 7 25 
1 2 4 5 7 16 
1 2 3 4 6 7 26 
1 4 6 8 38 
1 2 4 5 6 7 
2 4 5 7 22 
1 2 5 6 7 8 15 36 
2 4 5 6 7 10 33 
1 4 7 8 25 
1 3 7 36 
1 2 4 5 7 8 34 
1 3 5 6 7 9 
2 3 7 9 10 22 29 
1 2 4 5 7 15 19 35 
3 5 8 9 11 23 
1 3 5 6 7 8 23 24 
1 2 3 4 5 6 7 8 
1 5 7 
3 5 6 7 8 19 
1 6 11 29 
1 2 4 5 10 14 36 
2 4 5 6 7 31 
2 3 7 
4 5 6 7 30 
3 5 6 7 34 
6 7 8 10 14 19 
1 2 4 5 7 
1 2 3 4 5 6 7 37 
1 4 6 7 
1 2 4 5 6 7 8 
1 4 7 15 16 20 
2 4 6 8 31 38 
4 6 7 21 27 36 
1 2 6 8 12 14 
7 
2 3 4 7 8 39 
1 2 4 5 6 7 
3 5 6 7 30 
4 7 34 
1 4 6 16 32 38 
1 2 5 6 7 8 
1 2 4 5 6 7 8 
1 2 3 5 6 7 25 
7 20 
1 3 8 16 18 31 
2 3 4 5 8 24 27 
3 6 7 27 
2 3 4 5 6 7 27 29 
1 3 8 30 38 
1 2 3 4 5 6 7 8 
3 5 6 7 27 
4 7 12 30 
1 2 6 8 16 
1 2 4 6 7 8 15 38 
2 5 6 7 
2 5 7 8 10 
6 7 9 14 16 25 27 39 
1 3 5 6 12 26 30 38 
1 2 4 7 
5 6 7 10 14 17 28 33 
2 5 11 
10 38 
8 11 
3 5 6 7 8 17 20 
2 3 4 5 6 7 8 35 
1 4 5 7 21 22 31 
3 4 5 6 7 8 
1 3 4 5 6 7 8 36 
4 7 32 35 
1 3 7 
7 8 29 30 
1 4 7 15 39 
3 4 5 8 16 32 36 
1 2 3 7 8 31 36 
1 2 3 7 8 14 23 
1 3 5 6 7 28 
2 7 30 
7 14 29 
2 3 4 9 14 
4 5 6 17 25 34 39 
7 25 
5 18
35 16
20 13
12 20
30 9
28 8
8 5
17 4
37 17
23 16
19 10
22 7
32 9
6 12
1 18
24 19
36 19
9 1
31 12
3 15
39 14
29 10
33 17
25 14
13 3
15 11
21 5
2 6
10 7
18 8
26 2
4 11
