4 5
1 2 5
40
51
2 7 4 5 5 6 6 5 8 6 4 8 4 8 7 7 4 7 7 7 7 2 6 5 7 2 8 5 6 8 7 7 4 5 8 4 6 3 8 2 2 1 5 8 2 6 6 6 6 6 1
7 11 
1 2 3 4 6 7 8 
8 14 20 21 
4 5 6 7 8 
3 4 8 11 38 
1 3 4 5 7 35 
2 3 4 5 6 26 
6 8 13 24 28 
4 5 6 7 8 19 20 27 
1 2 4 6 8 15 
5 6 8 21 
1 2 3 4 5 6 7 37 
3 6 7 8 
1 3 5 6 8 13 15 24 
1 2 3 7 8 26 34 
2 4 6 7 20 21 31 
1 2 6 8 
1 4 5 7 8 11 30 
1 2 4 6 7 8 24 
1 2 3 6 7 8 24 
1 2 3 4 5 6 8 
8 21 
1 5 7 8 13 34 
6 8 9 12 17 
1 5 8 20 24 34 35 
1 6 
1 2 3 4 5 6 7 8 
3 4 6 7 8 
1 5 6 7 10 14 
1 3 4 5 6 7 8 32 
6 7 8 25 28 32 36 
1 2 4 5 6 8 36 
3 4 6 32 
1 2 6 8 14 
1 2 3 4 6 7 16 30 
1 6 19 23 
4 5 6 13 14 37 
6 7 28 
1 2 3 4 6 7 8 18 
20 28 
6 9 
6 
1 2 3 6 16 
1 2 3 4 6 8 13 22 
6 14 
2 4 5 6 8 15 
1 2 4 5 6 8 
1 2 6 8 19 31 
1 5 6 7 14 25 
1 2 3 4 6 11 
34
5 11
16 13
12 8
30 11
24 13
28 14
8 16
37 20
1 17
23 17
22 2
32 9
19 18
17 20
36 14
9 1
31 5
14 4
3 19
39 6
29 18
33 3
7 7
25 12
13 8
15 9
4 12
2 15
10 5
18 4
38 15
27 19
