4 5
1 2 5
40
201
4 8 3 8 1 7 6 7 8 6 7 5 6 5 3 2 7 3 3 4 6 2 2 7 6 3 2 5 2 3 3 3 7 5 1 4 8 8 4 6 5 2 7 3 6 6 6 8 4 5 2 6 7 5 3 6 6 3 6 2 5 3 6 8 3 7 2 2 7 4 2 7 5 7 5 6 4 5 1 2 4 8 8 8 5 3 4 8 7 6 5 4 4 8 7 8 3 5 7 5 3 5 3 6 2 1 7 2 5 2 4 8 2 3 5 5 2 7 5 7 6 5 7 7 5 7 6 1 3 7 4 4 3 1 1 8 3 7 8 8 3 6 2 7 8 5 7 3 7 8 7 4 4 2 2 2 7 5 7 8 5 3 6 1 3 2 6 4 4 2 2 7 4 7 5 6 6 6 7 8 8 4 2 8 4 2 3 5 4 3 6 6 8 7 4 6 4 7 1 7 3 
1 3 4 8 
1 2 3 4 5 6 7 8 
3 8 15 
1 2 3 4 5 7 11 31 
8 
1 2 3 5 6 7 8 
1 3 6 7 8 19 
2 3 5 7 15 21 35 
1 2 3 4 5 6 7 8 
2 17 23 27 29 33 
3 4 6 7 13 20 28 
1 2 5 12 37 
1 5 6 7 8 12 
2 7 8 19 32 
4 8 17 
6 28 
1 3 4 6 7 8 13 
5 6 7 
6 8 20 
1 4 7 20 
4 6 8 13 23 32 
3 29 
5 33 
1 3 6 11 27 33 36 
1 2 3 6 8 22 
1 21 31 
2 8 
3 4 6 7 16 
1 32 
2 3 23 
1 3 30 
8 20 31 
3 7 8 29 30 31 36 
2 3 8 23 33 
16 
4 6 10 34 
1 2 3 4 6 7 8 35 
1 2 3 4 5 6 7 8 
1 4 11 18 
2 4 5 7 8 16 
2 4 6 7 16 
1 6 
1 2 4 5 6 8 19 
1 3 8 
2 5 6 7 9 27 
1 4 5 7 13 26 
4 6 8 11 17 35 
1 2 3 5 6 7 8 23 
1 2 3 5 
1 3 4 21 38 
25 33 
1 6 21 27 28 38 
1 2 3 6 8 16 22 
1 3 4 6 37 
5 6 8 
1 2 3 4 7 19 
1 2 3 4 6 13 
4 8 28 
1 3 5 6 7 24 
14 28 
1 4 5 8 14 
3 5 8 
1 2 3 12 32 37 
1 3 4 5 6 14 16 28 
16 28 31 
1 4 5 6 21 25 26 
1 4 
1 6 
1 2 3 8 10 31 35 
1 4 5 25 
1 2 
2 3 5 12 16 30 34 
2 5 7 8 13 
1 2 3 7 8 32 38 
4 5 6 7 8 
1 4 5 7 11 15 
1 3 19 23 
2 5 8 18 19 
22 
7 8 
2 3 5 36 
1 2 4 6 7 8 20 22 
1 2 3 4 5 6 8 12 
1 3 4 5 6 7 10 21 
3 6 7 27 28 
3 5 10 
4 5 8 15 
2 3 4 6 7 8 16 26 
3 5 7 8 26 30 32 
1 2 4 6 8 21 
2 3 5 7 28 
1 2 4 13 
1 3 7 9 
1 2 5 6 7 15 22 32 
1 2 6 7 9 10 21 
1 3 4 5 6 7 33 36 
3 6 25 
1 4 7 15 24 
1 4 5 6 11 24 36 
4 7 16 25 27 
1 8 21 
1 4 5 6 7 
1 2 8 
3 4 6 8 18 33 
5 6 
8 
4 7 8 17 20 21 38 
1 4 
1 2 3 5 7 
3 8 
5 7 11 12 
1 3 5 6 8 14 17 38 
5 7 
2 6 8 
1 4 5 7 30 
2 10 21 26 32 
6 16 
3 4 5 6 7 8 32 
5 7 8 18 28 
1 2 4 6 8 17 28 
1 2 4 6 7 8 
1 2 3 16 37 
3 5 6 7 8 19 37 
1 4 5 6 7 8 19 
6 14 25 33 36 
3 4 5 7 8 9 27 
1 2 4 6 7 30 
5 
1 8 12 
1 2 3 4 5 6 12 
1 3 15 18 
2 6 7 8 
1 8 33 
5 
1 
1 2 4 6 7 17 27 34 
3 5 6 
1 3 4 5 8 33 37 
1 3 4 5 7 8 12 17 
1 2 3 5 7 8 9 30 
1 12 19 
1 2 3 5 6 8 
4 19 
4 6 8 13 17 34 38 
1 3 6 7 8 16 22 28 
6 7 8 20 26 
3 4 7 8 13 14 35 
3 8 24 
1 4 6 7 32 36 38 
2 3 4 5 7 8 29 31 
1 3 4 5 7 8 16 
1 2 3 28 
3 4 8 38 
1 8 
5 7 
15 28 
1 3 4 6 8 18 35 
1 3 6 7 8 
1 2 6 7 8 13 32 
1 2 3 5 7 18 25 26 
2 3 5 16 25 
7 8 23 
1 5 7 8 18 33 
8 
5 22 33 
7 38 
3 7 27 32 33 36 
3 4 9 28 
1 4 6 21 
4 8 
5 17 
1 2 4 5 6 7 8 
2 6 8 9 
2 4 5 6 7 8 21 
3 4 6 7 8 
2 4 5 6 7 23 
2 5 8 35 37 38 
1 3 4 6 9 26 
1 3 5 6 8 14 24 
2 4 5 8 15 18 27 37 
2 3 4 7 8 19 23 25 
2 4 5 26 
2 8 
2 3 4 5 6 8 20 24 
4 5 8 30 
7 29 
2 7 8 
1 2 6 7 35 
1 4 6 7 
1 5 7 
2 4 6 7 8 35 
1 2 3 6 7 12 
1 2 3 5 7 12 31 33 
1 3 4 5 6 8 30 
1 3 22 24 
3 5 7 19 20 24 
1 5 18 30 
3 4 5 6 11 16 30 
1 
1 2 4 6 7 23 32 
3 5 8
35 1
20 10
12 7
30 10
17 11
37 15
32 20
6 19
11 1
31 11
9 17
14 5
3 9
7 6
33 12
34 2
4 3
13 14
21 7
15 16
27 9
18 4
26 2
2 18
