4 5
1 2 5
40
200
8 2 2 6 1 7 4 4 8 6 6 6 6 6 2 7 5 7 5 6 7 8 8 7 7 1 7 3 4 5 8 8 6 8 5 5 8 7 6 7 7 8 4 2 2 8 5 5 4 7 8 6 8 8 8 7 6 5 8 8 3 2 6 4 5 2 4 6 5 7 7 7 6 7 2 6 8 8 8 7 3 4 8 5 8 2 8 7 7 6 5 2 8 4 7 8 2 6 4 5 6 6 4 6 4 8 6 7 6 3 8 2 4 7 5 7 3 4 4 3 7 8 4 8 2 7 8 6 3 7 5 7 7 8 7 8 3 5 8 2 5 5 3 8 6 2 8 8 6 7 5 8 3 5 7 7 7 3 7 5 8 3 7 1 8 7 7 1 1 2 7 5 8 4 2 7 5 7 8 7 7 5 6 3 6 4 4 6 6 7 7 2 7 7 8 8 6 6 7 7 
5 7 8 14 17 19 24 29 
20 28 
17 19 
1 2 6 8 19 31 
34 
1 2 4 8 10 33 35 
3 4 8 31 
5 6 34 37 
2 4 7 8 9 16 31 32 
1 6 7 8 17 25 
1 2 4 16 32 34 
1 4 5 9 10 36 
1 2 4 5 12 28 
1 3 4 6 7 17 
5 20 
2 3 4 5 7 8 17 
1 2 4 34 36 
3 4 11 15 21 23 28 
2 3 4 10 12 
1 2 3 5 7 10 
2 3 4 6 7 8 31 
1 5 6 8 9 17 20 39 
1 3 4 6 7 21 30 38 
2 3 4 5 8 25 34 
3 5 7 8 20 24 35 
17 
1 2 7 8 14 21 39 
3 4 34 
8 15 17 22 
5 8 14 21 25 
2 3 4 5 6 8 21 35 
1 4 5 8 11 14 27 34 
2 5 7 8 31 37 
1 4 5 6 8 21 27 35 
5 15 17 25 33 
3 5 6 8 34 
1 3 4 7 8 11 12 30 
1 2 4 5 7 21 30 
3 4 5 8 9 20 
3 5 7 15 17 26 35 
2 6 8 20 32 37 39 
1 2 5 6 7 10 36 38 
2 6 8 12 
28 31 
5 17 
1 2 4 10 14 20 25 33 
1 4 6 7 34 
2 3 5 6 21 
4 7 8 20 
2 4 5 6 9 12 29 
2 3 4 8 24 32 34 35 
3 6 7 8 30 34 
1 2 3 4 7 8 17 26 
1 3 5 6 7 8 20 35 
1 2 3 4 6 21 29 39 
2 4 5 6 8 18 34 
1 2 3 7 8 21 
2 5 7 21 39 
4 6 8 19 20 21 25 30 
1 3 4 5 6 7 8 31 
6 20 38 
11 21 
3 4 14 27 34 39 
1 6 32 34 
2 3 6 20 37 
8 12 
2 3 20 24 
3 4 6 10 33 38 
6 10 17 29 34 
1 3 6 7 8 10 28 
1 2 4 5 7 34 38 
4 5 6 7 17 19 38 
1 3 5 6 7 34 
1 3 4 7 16 17 30 
6 34 
1 4 7 23 31 34 
5 6 7 8 15 21 26 37 
2 3 4 5 7 8 17 29 
1 2 3 4 6 8 31 35 
1 4 5 8 9 21 24 
2 5 21 
1 7 10 37 
1 4 5 6 7 19 20 33 
5 6 7 21 39 
2 5 7 8 15 29 31 39 
8 21 
3 4 6 7 11 15 20 24 
2 3 4 5 6 8 10 
2 3 5 6 8 10 11 
2 3 5 6 7 21 
4 5 6 7 34 
1 34 
3 4 5 6 7 25 31 35 
8 20 34 39 
1 3 4 8 10 21 33 
1 3 4 5 8 17 29 35 
5 12 
2 5 7 13 14 17 
2 8 13 20 
3 7 17 18 22 
1 6 7 20 21 30 
3 5 7 17 23 35 
2 7 8 31 
4 5 6 8 33 34 
5 7 8 10 
1 3 5 6 7 17 21 22 
2 6 7 8 10 22 
2 3 4 5 7 8 10 
4 6 8 17 19 34 
3 4 31 
2 4 5 6 7 8 12 36 
4 34 
2 4 17 29 
6 7 8 10 21 24 31 
1 2 3 6 20 
1 2 3 5 6 7 21 
6 13 20 
1 3 20 23 
2 4 7 21 
6 20 28 
1 3 4 5 6 10 14 
3 5 7 8 10 14 18 33 
5 6 7 10 
2 4 5 6 8 15 18 21 
3 31 
1 3 5 6 11 21 30 
1 3 4 5 8 20 24 36 
1 3 4 6 31 35 
1 3 12 
2 3 4 5 6 7 34 
1 5 6 7 20 
3 4 8 17 23 24 39 
1 3 4 5 6 7 17 
2 3 4 5 6 7 12 27 
1 6 8 19 20 21 23 
1 2 3 11 12 13 16 23 
4 6 10 
1 7 11 12 38 
1 2 3 5 7 8 17 33 
31 35 
3 4 7 27 34 
1 6 7 20 31 
6 14 21 
2 3 4 5 6 7 8 12 
3 6 8 13 17 37 
7 31 
1 2 3 4 6 7 8 34 
2 4 6 7 8 30 31 33 
1 2 5 8 20 25 
2 3 4 6 14 17 21 
2 3 7 28 31 
2 3 4 5 6 7 20 22 
5 10 36 
2 5 7 8 10 
2 4 5 6 7 17 18 
4 5 7 18 19 21 34 
1 6 7 20 21 37 38 
1 5 31 
1 2 3 4 6 7 34 
2 3 5 8 10 
1 2 4 5 6 7 8 12 
1 9 31 
1 3 4 7 12 15 32 
20 
1 4 5 6 7 8 20 21 
3 5 8 11 17 24 29 
1 3 5 6 8 10 18 
10 
34 
9 20 
1 2 4 5 6 7 20 
1 4 6 27 34 
2 5 6 7 8 9 12 15 
2 3 7 21 
4 10 
1 2 3 5 6 25 31 
1 2 8 25 34 
3 6 7 8 15 22 34 
1 2 3 4 5 6 7 31 
2 3 6 8 17 21 24 
4 5 8 12 16 33 34 
5 6 8 19 34 
1 2 5 8 12 26 
1 4 21 
1 5 6 33 34 39 
1 3 5 12 
5 6 12 13 
5 8 16 20 27 39 
3 4 6 7 8 20 
1 2 3 5 7 12 21 
2 3 5 7 13 18 21 
6 21 
1 2 4 5 6 7 31 
1 2 3 6 10 35 38 
1 2 3 4 5 6 13 31 
2 3 5 6 12 31 33 39 
2 6 20 22 25 35 
1 3 6 8 31 37 
5 6 7 8 12 32 36 
1 3 7 8 17 30 38 
5 14
16 10
35 14
24 10
28 6
8 13
30 18
37 2
1 1
19 17
22 4
23 20
6 19
32 20
11 16
36 8
9 16
14 3
3 17
39 18
29 9
7 2
25 4
33 13
13 7
4 12
15 19
2 15
27 11
38 3
18 6
26 8
