4 5
1 2 5
40
100
3 5 5 4 7 2 7 8 5 6 3 5 4 1 4 8 3 8 8 2 8 6 7 5 6 8 7 1 6 5 7 6 8 2 8 4 8 4 1 2 2 8 5 7 3 4 6 8 2 3 5 6 8 6 3 2 5 2 3 3 7 7 5 8 5 2 8 5 3 5 6 6 7 7 7 6 8 7 7 8 2 5 6 2 7 7 8 6 4 8 8 5 2 7 7 4 3 8 4 4 
5 8 11 
1 4 6 7 34 
2 3 5 6 21 
2 3 5 8 
2 4 5 6 9 12 29 
5 6 
1 2 3 4 5 6 8 
2 3 4 8 24 31 33 34 
1 3 6 8 30 
1 2 3 4 5 6 
5 6 7 
1 2 5 23 29 
2 5 6 22 
36 
3 9 27 32 
1 2 3 4 7 8 17 25 
4 7 23 
1 2 3 4 5 6 7 8 
1 3 5 6 7 8 20 34 
2 5 
1 2 3 4 6 20 28 38 
1 2 3 5 6 8 
2 3 4 5 6 7 8 
1 3 4 5 8 
1 2 4 14 25 36 
2 4 6 7 8 11 14 22 
2 4 5 6 8 18 33 
5 
1 2 3 7 8 21 
2 5 7 20 21 
1 2 3 5 6 7 8 
1 3 5 6 7 8 
4 6 8 19 21 24 29 37 
5 13 
1 2 3 4 5 7 8 13 
2 7 8 38 
1 3 4 5 6 8 37 38 
1 3 4 5 
27 
4 5 
1 16 
1 3 4 5 6 7 8 30 
1 4 5 7 18 
1 2 4 5 6 7 8 
2 5 13 
1 3 5 6 
1 3 6 8 11 26 
1 2 4 5 6 8 13 32 
11 21 
6 7 11 
1 2 3 5 15 
3 4 14 27 33 38 
3 4 5 7 8 11 18 27 
2 4 5 6 7 8 
4 8 34 
3 5 
2 3 6 20 36 
8 12 
2 5 28 
3 5 8 
1 2 3 4 5 6 8 
1 2 3 5 7 8 38 
4 6 7 8 27 
1 2 3 5 7 8 9 15 
6 10 17 29 33 
5 8 
1 2 3 5 6 7 8 26 
3 6 7 8 15 
1 16 22 
1 6 9 13 34 
3 4 5 18 29 32 
2 3 6 8 14 21 
1 3 6 7 8 10 27 
1 2 4 5 7 33 37 
4 5 6 7 16 17 18 
1 3 5 6 7 33 
1 2 3 4 5 6 7 38 
1 3 4 7 16 17 29 
1 3 4 6 7 16 23 
1 2 4 5 7 8 18 38 
6 34 
1 4 5 7 17 
1 4 7 23 30 33 
1 36 
3 4 6 7 8 15 22 
1 2 3 6 13 16 29 
5 6 7 8 15 20 26 36 
2 3 5 18 21 36 
2 3 5 32 
2 3 4 5 7 8 17 28 
1 2 3 4 6 8 30 34 
1 4 5 15 18 
8 27 
1 2 4 6 7 15 27 
1 4 5 8 9 20 24 
2 26 32 34 
2 5 21 
1 2 4 5 6 11 28 38 
5 17 29 38 
1 7 10 36 
35 4
20 9
24 14
28 2
8 11
37 1
1 19
19 5
32 6
6 18
9 2
31 15
14 7
3 8
29 17
33 6
25 5
7 17
13 9
4 10
2 3
10 3
18 18
26 13
