4 5
1 2 5
40
203
4 3 8 7 8 7 3 1 2 7 5 8 8 5 5 6 4 4 1 8 8 1 6 4 6 5 7 4 3 2 5 4 4 3 8 8 7 2 3 7 1 6 7 4 6 4 6 5 3 6 6 6 7 4 8 4 4 6 4 4 6 4 4 3 5 7 5 3 5 8 5 7 5 4 6 3 4 7 2 8 4 3 8 2 5 6 5 5 7 8 6 6 6 8 5 7 8 3 8 3 3 6 3 6 6 5 7 4 2 7 1 6 7 4 2 5 7 5 7 5 7 8 8 5 5 4 4 7 1 4 2 3 4 8 7 4 3 8 8 2 5 7 6 7 3 4 3 4 7 7 8 3 7 4 7 6 7 5 3 8 8 5 8 6 6 6 5 8 2 4 2 2 8 4 6 8 7 1 6 5 5 5 8 7 6 7 5 7 7 8 7 2 5 6 3 6 7 6 6 6 7 8 3 
1 4 6 7 
3 5 25 
3 5 6 7 8 31 35 38 
1 2 3 4 6 8 24 
1 2 4 5 6 7 8 34 
1 2 3 4 5 6 19 
1 4 7 
4 
3 4 
2 3 4 5 6 33 34 
1 2 5 11 37 
2 3 4 5 7 8 15 26 
1 3 5 6 7 8 30 35 
2 3 4 8 19 
1 5 7 8 9 
2 3 4 8 31 36 
5 8 33 34 
1 3 5 39 
8 
1 2 4 5 6 8 17 31 
1 2 4 5 6 7 8 33 
8 
1 2 4 5 8 27 
1 3 5 39 
2 3 4 8 14 39 
4 5 15 17 28 
1 2 3 6 7 16 36 
6 7 8 28 
7 8 17 
24 25 
1 2 4 8 27 
1 6 24 36 
1 3 4 5 
1 8 33 
2 3 4 5 7 19 27 38 
2 3 4 7 8 17 19 32 
1 2 3 4 5 6 7 
9 37 
2 4 6 
2 4 13 22 25 28 34 
8 
2 5 7 8 25 36 
2 4 5 6 8 22 38 
2 5 8 20 
1 3 4 7 8 11 
1 3 4 5 
2 3 4 7 8 28 
1 2 4 8 15 
1 2 36 
1 6 7 8 33 39 
4 6 7 18 24 37 
1 2 4 6 7 39 
3 4 6 7 21 25 26 
2 3 4 7 
1 2 3 5 6 8 20 38 
1 4 20 30 
2 4 17 29 
2 4 5 6 7 15 
3 4 7 39 
6 8 14 22 
1 2 4 6 10 20 
3 7 8 30 
4 5 7 13 
1 5 8 
2 4 5 7 38 
3 4 6 7 8 28 34 
1 4 8 18 23 
2 3 8 
1 4 7 8 10 
2 3 4 5 6 8 28 34 
1 2 4 6 7 
4 6 7 8 22 25 28 
1 2 3 5 25 
4 6 22 36 
1 4 5 6 8 20 
4 6 20 
4 8 16 27 
2 3 4 5 7 11 25 
4 8 
2 4 5 8 19 20 33 35 
2 3 7 8 
2 4 7 
2 3 4 5 6 7 8 33 
4 6 
1 2 3 8 11 
2 4 8 14 23 28 
3 4 5 6 39 
1 2 4 5 21 
1 3 4 5 7 17 26 
1 2 4 5 6 7 21 24 
4 5 7 8 19 22 
1 2 4 22 25 39 
6 7 8 30 32 36 
1 2 3 4 5 6 7 8 
2 4 6 7 11 
1 2 3 4 5 6 35 
1 2 3 4 7 8 10 13 
2 4 25 
1 4 6 7 8 19 23 33 
3 4 24 
2 4 7 
1 2 3 6 7 39 
4 25 31 
2 4 6 17 19 25 
2 3 4 5 6 21 
3 7 8 23 36 
2 3 5 6 8 9 12 
1 6 8 19 
1 8 
1 3 4 7 20 22 38 
4 
1 2 4 5 6 31 
1 3 4 5 7 8 26 
1 2 7 8 
2 4 
3 7 8 36 39 
1 2 3 4 6 7 36 
1 3 4 5 6 
2 3 5 6 7 8 30 
1 2 4 7 23 
1 3 5 6 7 8 33 
1 2 4 5 7 8 9 33 
1 2 3 4 5 6 7 8 
2 4 6 7 20 
2 3 7 8 34 
1 5 8 24 
1 7 8 15 
1 2 3 4 18 25 27 
4 
2 4 6 7 
4 8 
4 8 21 
4 5 7 25 
1 2 3 4 5 6 7 8 
1 2 5 6 7 19 36 
3 4 5 20 
6 30 37 
1 4 5 6 7 8 26 29 
1 3 4 5 7 8 20 27 
4 39 
1 2 4 5 8 
1 2 4 5 7 14 23 
1 3 4 6 7 11 
2 3 4 5 7 8 26 
4 6 28 
2 3 4 6 
19 25 36 
6 8 17 23 
1 4 6 7 8 31 33 
1 2 4 6 7 8 38 
1 2 3 5 7 8 12 29 
17 28 39 
1 2 5 6 7 8 30 
3 6 8 37 
2 3 5 7 8 15 32 
2 4 6 22 27 38 
1 3 5 8 18 19 25 
1 2 4 7 37 
3 4 7 
1 2 3 4 5 6 15 21 
1 2 3 5 6 7 8 12 
5 7 8 26 35 
1 5 6 7 8 9 11 21 
1 2 3 6 8 36 
1 2 3 4 6 7 
2 3 5 6 8 28 
3 4 6 8 36 
1 2 4 5 7 8 22 26 
7 8 
1 6 7 37 
4 21 
6 8 
1 2 3 4 6 7 8 18 
1 3 7 8 
2 4 6 14 16 30 
2 4 7 8 13 24 38 39 
1 4 5 6 7 8 39 
20 
1 2 3 4 6 7 
1 3 4 5 8 
6 8 17 33 37 
1 2 4 7 17 
1 2 7 8 12 26 30 36 
2 3 4 5 7 12 36 
2 4 14 22 32 37 
1 3 6 7 8 11 12 
6 7 8 15 26 
2 4 5 8 22 25 28 
3 5 8 14 18 24 36 
1 2 4 5 6 7 8 14 
1 2 3 4 5 8 19 
7 8 
1 2 4 6 8 
2 3 7 20 34 37 
7 8 39 
1 3 5 7 20 26 
3 4 5 8 11 26 34 
1 5 11 13 23 36 
3 5 6 7 8 14 
4 5 6 7 8 30 
2 4 5 7 8 15 26
1 3 5 6 7 8 26 30
5 8 26
5 3
35 5
16 8
12 13
24 12
28 13
30 16
17 16
23 9
19 8
1 17
32 17
6 15
22 20
11 19
31 6
9 20
14 14
3 11
29 7
7 10
33 11
34 4
13 9
15 1
21 19
2 10
27 1
10 4
38 7
26 18
18 18
