4 5
1 2 5
40
204
8 2 4 6 4 2 6 7 1 5 2 1 5 7 2 5 5 3 4 2 4 6 3 7 4 7 7 5 8 7 6 1 3 3 7 4 3 7 5 7 1 2 4 3 3 4 1 2 7 4 8 2 3 1 6 7 2 1 2 1 8 3 5 1 7 2 8 8 3 5 3 8 5 2 8 5 8 3 3 7 5 1 7 6 6 7 2 6 4 2 2 7 1 4 7 8 6 6 2 2 5 7 7 8 1 2 4 3 4 3 7 5 6 5 3 5 7 4 7 8 5 1 5 6 3 3 6 5 7 8 4 2 1 7 4 5 3 5 8 3 8 1 8 1 8 7 5 8 7 4 1 2 4 2 3 5 1 8 6 1 1 6 6 8 7 6 6 6 1 8 8 4 3 5 3 8 1 5 2 2 2 7 2 6 3 3 5 3 7 7 7 5 7 3 8 7 7 8 8 3 4 6 5 4
1 2 3 5 8 12 22 34 
2 36 
3 7 17 30 
1 3 6 18 25 32 
1 5 7 24 
2 33 
1 3 4 6 12 35 
1 2 3 4 6 8 27 
7 
3 7 8 18 32 
3 4 
2 
1 4 8 11 18 
1 3 6 7 10 32 38 
2 6 
1 3 4 6 21 
1 2 4 6 15 
2 15 31 
2 4 12 19 
14 30 
4 5 6 33 
2 4 6 7 8 29 
1 3 36 
1 2 3 4 20 25 37 
8 22 31 34 
1 2 4 6 7 8 19 
2 3 4 5 7 19 22 
1 2 5 6 7 
2 3 4 5 7 19 37 38 
4 5 6 8 10 12 26 
1 5 6 7 8 29 
4 
1 4 5 
5 7 34 
1 2 3 4 5 8 29 
2 3 9 38 
1 2 4 
1 2 5 7 8 24 35 
3 6 7 8 16 
7 8 18 22 25 28 38 
7 
3 4 
2 3 5 7 
4 23 38 
2 3 7 
1 2 4 6 
7 
6 7 
2 5 7 10 13 20 30 
2 4 5 11 
1 2 4 6 7 8 15 16 
4 6 
3 5 31 
7 
1 4 6 7 8 13 
2 3 4 6 8 15 23 
6 7 
2 
4 33 
11 
1 4 6 7 8 12 29 34 
1 4 5 
1 3 6 9 18 
4 
1 2 3 4 5 8 10 
1 30 
2 4 5 6 7 8 30 38 
1 2 3 5 6 8 20 22 
3 7 31 
5 6 7 8 37 
6 7 25 
1 3 4 5 6 9 30 38 
1 2 3 26 37 
4 6 
2 4 5 6 7 13 14 19 
1 4 8 12 36 
1 2 5 6 7 8 14 25 
1 2 7 
3 6 26 
1 2 6 10 11 34 35 
3 7 27 28 35 
10 
2 3 5 6 7 8 17 
2 3 5 6 12 13 
4 5 6 7 8 15 
1 5 6 7 8 25 28 
2 5 
1 3 6 8 28 31 
1 3 6 7 
2 6 
7 26 
1 2 5 6 7 8 19 
7 
1 3 7 8 
2 3 4 5 6 7 33 
1 2 3 5 6 7 35 36 
4 5 7 11 16 23 
2 3 4 8 22 34 
1 7 
2 3 
1 2 5 12 27 
1 2 6 7 16 17 37 
2 4 5 6 7 10 36 
1 2 3 4 5 6 7 8 
7 
4 14 
3 4 5 7 
5 6 17 
3 4 5 37 
3 4 8 
1 4 5 8 23 28 38 
1 3 4 6 36 
1 2 5 7 8 16 
1 2 3 7 10 
1 4 31 
4 5 8 10 30 
2 3 4 5 7 14 17 
4 6 16 19 
1 3 5 6 7 8 24 
1 3 5 6 7 10 26 34 
2 3 6 12 36 
4 
4 5 8 31 32 
1 6 7 8 12 20 
4 6 26 
3 4 7 
4 5 6 7 26 29 
3 4 5 8 20 
1 5 6 7 8 11 33 
5 6 7 8 13 16 18 34 
7 8 32 35 
4 7 
3 
1 2 3 4 5 6 22 
1 4 6 20 
6 7 8 24 38 
3 4 8 
1 2 3 4 6 
2 4 5 6 7 8 18 30 
3 4 18 
1 2 3 4 6 8 9 37 
7 
1 2 4 5 7 8 11 17 
3 
1 2 6 7 8 10 21 28 
1 2 4 5 6 8 37 
3 6 9 17 26 
1 3 4 5 6 11 15 23 
2 3 4 7 8 22 34 
1 2 7 17 
3 
3 11 
3 8 29 34 
5 31 
3 4 8 
1 3 5 6 7 
38 
1 2 3 4 5 6 7 30 
1 3 5 8 11 16 
4 
3 
1 2 3 5 6 36 
3 5 6 9 26 33 
2 5 6 8 11 16 26 29 
3 4 5 6 8 22 36 
1 2 5 6 8 16 
1 2 4 5 7 8 
2 3 5 6 7 13 
20 
1 2 3 7 9 23 26 32 
1 3 4 5 6 8 26 27 
2 4 6 8 
1 2 29 
1 2 6 7 8 
6 7 8 
1 2 5 6 8 19 23 32 
2 
4 12 17 25 36 
5 7 
4 6 
7 30 
1 4 5 6 7 16 26 
3 27 
1 4 6 7 27 33 
4 7 13 
2 8 17 
8 12 22 23 26 
4 8 23 
1 2 3 4 6 7 21 
1 2 3 4 5 6 7 
1 2 4 5 6 7 20 
2 6 7 25 37 
1 2 4 6 7 8 33 
5 7 15 
2 3 5 8 13 17 22 28 
3 5 6 7 8 15 29 
2 3 5 6 8 17 24 
1 2 3 4 7 8 23 30 
1 3 4 5 6 7 8 36 
1 3 34 
2 3 5 6
1 2 3 6 20 24
1 6 8 10 29
2 3 6 37
5 10
16 3
35 16
12 6
24 4
8 13
37 1
23 5
1 1
19 4
32 11
6 12
36 17
9 15
14 19
29 2
33 5
25 7
34 19
13 3
21 16
27 12
18 8
26 11
