4 5
1 2 5
40
200
8 4 6 3 7 4 1 1 8 4 4 5 3 8 8 6 2 4 8 8 3 6 6 6 2 7 7 8 4 7 8 3 5 8 2 1 6 2 8 6 7 6 4 8 7 2 5 8 7 3 7 8 2 7 7 4 5 7 7 7 7 6 3 8 8 8 6 4 5 5 8 2 6 1 7 8 1 6 7 3 8 7 5 8 3 5 8 7 7 5 5 1 4 7 7 7 3 7 7 7 8 5 6 7 6 8 7 2 8 4 5 5 7 8 3 4 5 6 6 5 8 5 6 6 8 3 5 3 8 6 8 6 5 4 7 8 4 8 8 5 5 7 6 6 8 1 2 6 5 4 8 2 8 8 4 4 8 5 1 1 7 8 3 8 6 7 7 5 2 1 6 6 7 4 8 2 8 4 4 7 7 7 6 3 4 6 6 7 6 4 6 7 3 5 6 7 3 2 5 7 
1 3 4 7 9 12 19 37 
1 6 8 21 
2 3 5 6 8 18 
1 7 37 
6 7 8 12 22 29 31 
4 5 23 38 
18 
35 
2 3 4 5 6 10 26 31 
1 4 5 20 
2 6 7 18 
2 3 7 9 18 
2 4 20 
1 2 3 5 7 15 16 27 
1 2 3 4 5 6 8 12 
1 2 5 16 37 38 
18 28 
5 6 12 35 
2 4 7 10 16 19 25 36 
2 3 4 5 6 10 21 26 
7 8 15 
1 2 5 6 8 20 
1 5 6 18 23 32 
6 13 20 22 32 36 
1 28 
1 2 3 4 8 25 32 
1 3 6 14 30 31 32 
1 3 4 5 6 7 16 19 
1 4 6 22 
3 5 6 8 13 21 27 
1 2 3 5 6 10 37 38 
8 18 38 
3 5 7 12 18 
1 3 5 6 7 8 11 16 
8 18 
35 
1 4 6 8 11 17 
1 21 
1 2 3 5 6 25 28 31 
2 3 4 8 11 28 
2 4 7 9 13 18 20 
1 2 5 6 8 32 
3 5 6 21 
1 2 4 6 8 10 24 28 
1 2 5 6 8 15 37 
7 11 
1 5 7 8 38 
1 2 3 6 7 8 22 33 
2 4 5 6 7 15 20 
4 12 34 
1 4 5 7 8 10 28 
2 3 4 5 6 7 20 29 
3 38 
1 2 5 8 12 31 32 
1 3 4 5 6 7 11 
1 3 7 18 
3 4 8 16 31 
1 3 5 7 8 21 24 
1 2 3 4 6 7 12 
3 4 5 6 8 9 37 
1 2 3 5 7 10 31 
2 6 13 18 32 34 
1 8 38 
1 2 3 4 6 8 19 38 
3 4 5 6 7 8 18 36 
1 2 4 5 7 8 10 15 
1 2 5 11 21 29 
4 10 11 24 
1 3 4 7 35 
2 4 5 8 31 
1 4 5 6 14 29 30 32 
9 21 
4 5 7 8 19 31 
28 
2 3 5 7 16 20 23 
2 3 4 7 8 15 29 37 
18 
1 3 6 8 15 27 
1 2 4 5 7 15 37 
6 12 22 
1 2 3 8 21 24 34 38 
3 4 8 20 22 30 37 
5 6 8 12 38 
1 2 3 4 5 7 11 27 
6 7 11 
1 5 6 8 32 
1 3 4 5 7 8 17 32 
3 6 7 11 12 27 31 
2 3 4 5 8 12 36 
1 4 7 16 17 
1 3 12 16 31 
32 
1 15 19 24 
2 4 5 6 23 30 38 
1 2 11 18 23 29 36 
2 6 8 9 12 19 24 
1 5 38 
2 3 6 8 9 32 35 
1 2 5 6 11 17 26 
3 7 14 18 19 27 33 
1 2 7 8 9 15 21 23 
2 7 8 17 28 
2 5 6 7 11 12 
1 3 4 7 8 24 38 
1 5 6 7 8 31 
1 2 3 4 5 8 17 18 
1 4 5 7 25 35 38 
22 27 
1 2 3 5 6 7 8 15 
1 5 6 35 
1 6 10 30 37 
1 2 5 7 38 
1 3 4 8 20 28 32 
1 3 4 5 6 8 24 38 
15 18 19 
1 5 14 21 
1 4 7 16 30 
3 4 6 7 11 13 
1 4 5 7 27 32 
3 4 6 7 37 
1 3 4 6 7 9 10 37 
6 7 8 9 38 
1 3 6 8 24 35 
1 5 6 7 29 31 
1 2 3 4 6 7 8 31 
27 34 35 
1 2 8 18 28 
20 25 30 
1 2 3 4 6 8 20 33 
2 6 7 8 11 34 
1 2 3 5 6 8 14 18 
1 3 5 7 8 11 
2 3 9 22 38 
2 3 17 32 
3 4 5 8 16 17 36 
1 3 6 8 22 25 31 34 
3 4 8 15 
2 3 4 5 6 8 16 32 
1 2 3 5 7 8 20 32 
5 7 9 15 17 
5 6 8 20 25 
2 5 6 7 8 28 33 
1 2 3 8 30 37 
3 4 8 15 19 27 
1 2 3 4 7 8 19 32 
11 
8 32 
1 4 5 7 14 28 
2 3 4 7 15 
5 7 17 20 
1 2 3 5 7 8 26 38 
24 32 
1 2 3 5 7 8 22 26 
1 3 5 7 8 15 17 21 
2 14 17 28 
7 18 19 38 
1 2 4 5 6 7 8 20 
2 3 5 11 37 
20 
22 
1 5 6 7 8 22 30 
1 2 4 6 7 10 21 34 
5 6 22 
2 6 7 8 13 16 19 29 
2 3 4 7 8 31 
2 3 4 5 6 8 37 
1 2 3 4 5 6 32 
1 3 6 10 32 
7 35 
11 
4 6 7 8 21 32 
2 6 7 18 19 25 
3 4 7 29 32 34 38 
2 5 29 31 
2 3 5 7 9 20 23 25 
8 37 
2 5 6 8 11 23 34 37 
6 7 8 38 
5 6 8 16 
1 2 5 6 8 23 28 
1 4 5 6 7 8 38 
1 2 4 5 6 8 38 
1 2 5 6 7 21 
2 5 16 
2 5 30 32 
2 4 5 6 7 18 
2 3 6 7 8 12 
1 4 6 7 14 16 21 
1 3 13 20 24 33 
3 6 7 12 
1 3 4 5 12 32 
3 4 8 15 19 24 34 
4 7 38 
2 3 8 26 38 
1 4 6 7 21 22 
1 2 3 6 8 28 33 
1 8 18 
7 15 
7 18 19 33 38 
2 3 4 8 12 17 22 
5 20
30 16
24 17
8 20
17 1
23 8
19 11
1 19
6 6
36 11
9 17
14 15
3 5
29 12
33 1
25 13
7 18
34 8
4 3
13 15
2 7
27 7
10 13
26 9
