4 5
1 2 5
40
200
6 8 6 8 3 8 5 7 5 8 4 4 1 8 7 8 6 6 3 5 7 6 6 3 5 7 5 3 7 4 3 7 4 8 7 3 2 7 7 3 2 8 5 3 5 5 8 3 7 5 7 7 3 6 2 7 8 6 7 7 3 4 7 5 7 8 5 5 3 6 2 5 7 8 4 3 8 8 8 7 5 7 4 4 6 6 8 7 8 8 8 5 7 6 3 5 5 7 1 8 7 8 3 4 5 8 8 7 7 7 5 8 2 8 5 5 4 4 8 6 5 3 6 6 5 3 2 4 5 8 8 6 6 2 6 6 8 8 7 8 5 5 4 3 3 7 5 8 5 3 7 6 8 3 1 2 5 6 8 4 4 3 5 8 7 6 8 5 7 8 6 6 4 6 4 7 6 8 7 1 5 3 6 6 4 3 3 3 5 6 5 5 5 2 7 4 6 5 1 8 
2 5 7 10 30 35 
1 2 5 7 12 21 33 35 
1 2 4 6 8 36 
1 4 5 6 8 10 32 36 
3 6 33 
1 2 5 6 7 10 20 33 
1 3 4 17 23 
1 2 3 5 11 33 36 
1 6 7 25 33 
1 3 4 8 16 20 32 37 
8 15 17 18 
6 7 8 25 
33 
1 3 5 6 8 13 14 34 
2 3 4 5 6 16 36 
2 3 5 6 7 10 27 35 
1 2 5 8 23 28 
2 4 5 6 8 32 
5 7 17 
3 6 8 19 36 
2 3 6 7 16 28 37 
3 4 5 6 26 31 
1 4 6 7 8 28 
6 25 36 
3 6 23 25 37 
1 3 4 5 8 20 32 
3 7 8 18 32 
6 19 36 
1 3 6 7 10 32 38 
4 5 6 33 
1 3 36 
1 2 3 4 20 25 37 
8 22 31 34 
2 3 4 5 7 19 37 38 
4 5 6 8 10 12 26 
5 7 34 
6 25 
1 2 5 7 8 24 35 
7 8 18 22 25 28 38 
1 9 26 
4 33 
1 4 6 7 8 12 29 34 
5 6 7 8 37 
6 7 25 
1 2 3 26 37 
1 4 8 12 36 
1 2 5 6 7 8 14 25 
3 6 26 
1 2 6 10 11 34 35 
3 7 27 28 35 
2 3 5 6 7 8 17 
1 5 6 7 8 25 28 
5 6 36 
1 3 6 8 28 31 
7 26 
2 3 4 5 6 7 33 
1 2 3 5 6 7 35 36 
2 3 4 8 22 34 
1 2 6 7 16 17 37 
2 4 5 6 7 10 36 
5 6 17 
3 4 5 37 
1 4 5 8 23 28 38 
1 3 4 6 36 
2 3 4 5 7 14 17 
1 3 5 6 7 10 26 34 
2 3 6 12 36 
4 5 8 31 32 
4 6 26 
4 5 6 7 26 29 
26 34 
1 6 9 26 29 
1 5 6 7 8 11 33 
5 6 7 8 13 16 18 34 
7 8 32 35 
1 6 32 
1 2 3 4 6 8 9 37 
1 2 4 5 7 8 11 17 
1 2 6 7 8 10 21 28 
1 2 4 5 6 8 37 
3 6 9 17 26 
2 3 4 7 8 22 34 
1 2 7 17 
3 8 29 34 
1 2 3 5 6 36 
3 5 6 9 26 33 
2 5 6 8 11 16 26 29 
3 4 5 6 8 22 36 
1 2 3 7 9 23 26 32 
1 3 4 5 6 8 26 27 
1 2 5 6 8 19 23 32 
4 12 17 25 36 
1 4 5 6 7 16 26 
1 4 6 7 27 33 
2 8 17 
8 12 22 23 26 
2 6 7 25 37 
1 2 4 6 7 8 33 
35 
2 3 5 8 13 17 22 28 
2 3 5 6 8 17 24 
1 3 4 5 6 7 8 36 
1 3 34 
2 3 6 37 
1 6 7 8 17 
1 3 4 5 8 11 23 26 
1 2 3 4 8 15 22 26 
1 3 7 11 16 19 25 
2 5 6 7 20 24 32 
2 5 6 7 8 11 33 
4 6 8 26 32 
3 7 8 13 14 26 30 33 
7 17 
1 3 5 6 7 8 16 17 
4 5 7 20 26 
3 4 5 7 37 
5 6 29 36 
1 2 4 28 
3 4 5 8 14 16 23 34 
2 3 5 7 16 37 
1 5 10 12 25 
3 8 25 
1 6 10 11 15 25 
1 2 3 4 8 26 
2 7 19 20 34 
3 14 34 
8 37 
3 4 21 35 
6 7 25 36 38 
2 3 6 8 22 27 30 34 
3 4 5 6 7 8 28 31 
1 3 5 8 13 37 
2 3 7 11 25 33 
5 28 
4 5 6 7 16 28 
1 3 19 20 26 36 
1 3 4 7 8 11 19 33 
1 3 4 5 6 7 8 32 
1 2 4 5 6 7 28 
2 3 5 7 8 20 23 37 
1 6 7 26 28 
6 7 21 24 32 
18 22 30 32 
2 15 34 
4 7 28 
2 4 5 6 7 8 32 
3 8 21 29 37 
2 3 5 8 12 16 33 38 
2 3 7 26 31 
1 2 34 
1 3 5 6 7 19 34 
2 3 4 6 7 37 
2 4 6 7 8 9 19 33 
5 12 33 
32 
6 37 
1 2 6 20 32 
3 6 14 16 31 32 
1 2 5 7 8 16 17 36 
5 7 8 28 
8 16 19 37 
3 33 38 
5 6 15 16 32 
2 5 6 7 18 26 30 33 
5 6 13 20 25 28 35 
4 5 6 7 8 34 
1 3 4 5 13 26 33 38 
2 4 17 18 19 
2 5 7 8 20 26 37 
1 3 4 6 8 18 27 37 
3 4 7 11 25 30 
7 8 27 29 30 32 
2 8 28 29 
1 3 6 22 27 37 
6 16 36 38 
2 4 7 8 20 25 31 
2 5 6 8 29 37 
1 2 4 5 7 11 30 37 
1 2 5 7 8 25 34 
17 
1 2 7 12 33 
8 14 26 
1 4 5 6 26 38 
1 2 4 6 34 35 
7 8 17 19 
3 6 34 
9 27 32 
4 17 29 
8 11 13 17 37 
1 4 5 6 14 36 
2 4 5 8 33 
5 6 22 27 37 
2 4 7 19 35 
20 28 
2 3 4 5 6 7 26 
3 8 22 28 
1 6 7 20 21 37 
1 3 5 26 29 
33 
3 5 6 7 9 30 35 38 
5 15
16 5
20 16
12 11
30 6
24 18
8 3
23 5
19 1
22 8
1 10
6 9
11 18
9 4
31 10
14 14
3 2
29 19
7 3
13 7
15 12
21 7
2 13
27 11
38 2
18 8
4 14
10 19
