4 5
1 2 5
40
101
5 7 5 4 7 8 1 7 6 8 2 3 7 5 8 5 1 7 8 6 7 7 5 5 6 6 4 8 2 6 3 7 6 1 6 5 5 4 2 4 3 3 7 4 6 4 6 4 3 7 7 3 7 4 7 6 4 4 7 7 7 8 8 8 5 8 6 8 6 3 8 4 7 2 7 4 6 8 2 8 7 8 5 5 5 7 8 8 2 6 3 8 4 5 6 2 5 7 2 7 5
1 2 5 8 23 
1 2 3 5 12 17 29 
2 4 7 9 14 
3 5 13 24 
1 2 3 5 6 25 31 
3 4 5 6 8 15 28 36 
15 
2 3 4 5 6 8 29 
4 5 7 8 13 15 
1 2 4 5 6 8 29 33 
5 32 
2 5 6 
1 2 3 5 6 8 9 
2 5 7 19 22 
1 2 3 5 6 8 9 19 
1 6 7 9 30 
5 
3 6 7 8 15 22 34 
1 2 3 4 5 6 7 31 
1 5 7 8 19 32 
1 2 5 6 8 25 36 
4 5 8 12 16 33 34 
5 6 8 19 34 
3 6 8 11 37 
1 2 5 8 12 26 
3 4 5 7 8 29 
2 4 5 8 
1 2 4 5 6 7 8 38 
3 5 
2 4 5 6 7 8 
2 5 6 
1 3 4 5 6 24 37 
1 5 6 33 34 39 
5 
1 4 5 6 7 8 
1 5 6 7 9 
3 4 7 15 32 
1 3 5 12 
9 26 
1 4 8 27 
4 8 35 
2 4 9 
1 2 4 5 6 7 15 
5 6 12 13 
5 8 16 20 27 39 
1 2 5 7 
3 4 6 7 8 20 
1 4 5 23 
2 4 5 
1 2 3 5 7 12 21 
2 3 5 7 13 18 21 
5 6 7 
1 2 4 5 6 7 31 
1 3 7 35 
1 2 3 6 10 35 38 
4 5 6 7 19 28 
2 3 5 36 
1 5 7 14 
1 2 4 5 8 27 30 
1 2 3 6 7 27 36 
2 3 4 5 25 27 38 
1 2 3 4 5 6 13 31 
2 3 4 5 6 7 14 32 
2 4 5 6 7 8 14 16 
3 5 7 15 30 
2 3 5 6 12 31 33 39 
2 3 4 5 6 28 
1 2 3 4 9 14 27 29 
2 6 20 22 25 35 
3 5 8 
1 2 5 6 26 27 32 36 
4 5 8 9 
3 5 6 7 8 16 35 
5 32 
5 6 7 8 12 32 36 
1 3 5 23 
1 3 4 5 6 9 
1 2 4 6 8 20 26 27 
3 5 
1 2 3 4 7 8 12 27 
3 4 6 7 8 9 16 
2 5 7 8 14 32 36 39 
1 4 5 19 38 
1 2 5 7 32 
2 6 8 15 28 
1 3 4 5 6 8 30 
1 3 4 5 7 9 23 30 
1 2 3 4 5 6 12 15 
1 15 
4 5 7 14 32 36 
1 9 34 
1 3 5 7 8 30 35 37 
1 3 5 19 
7 8 20 22 35 
4 5 6 9 21 27 
1 5 
3 5 6 20 29 
1 2 6 7 8 12 35 
3 5 
4 5 7 8 10 27 36 
1 2 4 5 7
16 7
12 19
30 14
28 9
8 12
17 18
37 4
23 16
19 5
32 13
1 16
6 15
22 19
24 20
36 3
31 6
14 1
3 10
39 17
29 15
7 8
25 14
33 20
34 8
4 3
13 7
21 10
2 5
10 13
38 1
26 2
18 11
